31.969605662812302
28.224582259640602
32.91652469693283
33.06106259573998
31.167094855458753
28.022747120276517
22.21331999512563
34.407676025145335
32.69564128877378
29.701883824714336
28.863693700171428
34.488012956057744
33.920322928246854
32.32655492053172
29.954552606597783
28.812804138811156
29.644976665019215
26.067725448710465
35.973042053059146
32.589519309947626
37.217144969966704
34.50410650284773
31.737163100810747
23.088421281258352
31.804798788887854
31.816414223369225
31.491444334497828
37.32211699397428
39.19580214297411
34.02162299447647
27.199054239938214
24.004466777931736
31.046145095324675
19.681066241625242
33.081166343837516
33.78653733354624
29.40904150120998
32.467484940586644
36.834782518723046
33.724490484223985
30.24705135321969
22.638609368858972
33.43162182970498
21.922902598027736
21.988655442718553
22.233818089514656
31.57183773948433
31.41036468898231
29.508210709490132
35.261230592928584
34.92951218216742
21.789410600280753
22.474086279871756
32.321976687858196
30.391259671138496
30.35620897793555
35.43495426685966
21.708187035137456
21.087808292251832
33.331089931604176
26.86817464609435
27.310799882166645
27.6858438786131
21.309214019311053
27.8051596568698
22.5957672505013
22.237647073394417
23.054652807556277
25.122127552720194
25.517469875765638
24.437114970860932
23.45656678426742
22.428819875403132
23.267032030662484
23.857094465785046
40.757391303536274
38.855331465485236
24.16928349816428
25.236703861672396
24.962558101381045
20.838556422061103
23.017596273047374
41.12443913788886
40.21216342415764
37.85427940423546
39.350501021580875
26.25090964741356
29.18311126822737
31.439699920403253
40.91482257178894
40.50481354876531
40.28183669426896
44.78653595715182
30.59927570182711
30.85858796770821
30.58601307921406
33.01854235962594
40.23405417241662
40.10722687628277
40.4036466673987
46.78874468332876
32.58356233762045
32.030251624252706
32.65135528052767
35.328272285766005
40.66194308077632
38.0394391344147
44.25282148634992
48.74515299736791
40.57446017175107
41.62747785649645
43.540998869480966
46.10034537232774
35.91029792954397
36.510328825841405
35.594296031951934
40.252448865512115
41.465664171577544
40.101212990342276
40.213730604240766
38.862620424917225
38.813052556056036
42.21832796508637
43.47726613561297
32.77984121476953
45.36664614351184
44.062771743220374
42.97376585121045
43.601767800510025
42.92472249573386
43.56401936629707
41.13629817988978
40.64557090429009
41.70252445574131
42.4997807073209
40.32125538810575
37.595326170190866
36.2329591229639
32.67166348046107
35.19274572607037
37.29354305575395
37.73674717663664
40.60830543389708
46.91263488580322
46.79382262922358
43.89721200773304
41.87830107368583
43.09623086021544
42.17616677946417
42.71392727506921
41.34949372769007
41.083218204381375
39.27388480607234
38.87163731442216
36.76851535579939
36.375305931192536
37.26245345261275
39.467504351363026
41.74214839247818
43.85001240985406
43.89507871850946
44.93587298659744
46.319182830340985
47.03521078885633
47.364107039051724
44.98551720424757
41.27800388083333
39.67157845019507
36.668973263908754
37.09040919948898
39.09087315295872
38.939184547325624
38.452493302732336
38.204100207562625
37.30941650950159
37.2203774546479
42.583582514967084
39.41077827159253
41.99450394565301
44.63510203101389
44.16801795071605
45.34262008336218
43.4077512733515
44.72420776999693
45.68032593236103
47.037712281633354
45.31849248501237
40.75100708315016
38.324758580257196
38.2487479158068
40.41251530359539
37.697218427997804
38.17329491914025
39.013701326888636
39.16858542118147
43.54682689751533
41.44979609125756
39.01670091208668
40.763904387111175
38.05549579986985
47.10470345156745
45.556121203194714
43.880435842929664
42.440590657897246
40.62099197064659
36.904371205275986
36.16580070444855
33.230585784840116
40.02578587400664
40.322086638846905
40.636025583172966
44.04017814472257
40.508709936126294
40.921383800527494
44.49391015309372
46.04744299367707
48.49006909641415
48.15481871944353
45.60560201088824
44.730220882339125
46.63251753000787
43.66892581587576
44.00896224877224
43.631387413497734
43.25478846330816
44.189820494301266
40.81957120079807
40.34736194957349
42.14183404489978
42.3530570892128
40.50649938277421
38.88218130702743
38.97624926475842
39.69465556726132
44.49004907717321
44.28396243838649
39.217400170700394
36.59689171643461
35.66503311264338
46.2524433218595
42.77615808058869
41.693094374364435
42.48294026769868
36.21140757395235
34.63712007654464
34.00309471427899
37.05425584130956
38.08419273592353
38.01665073033239
40.693146231114916
41.94135235350756
43.19296813651156
43.7659423925422
41.74697729911392
42.041016955322576
41.34389354683546
42.08464146612837
43.09520659499676
44.46201267706924
44.590521726729826
41.44173015287416
40.994792832215815
37.9341175338181
34.867001301008955
36.376756327906854
39.550390527113976
42.3555788426073
45.4180400213176
46.599670368530234
45.21512750573488
45.71815407272024
46.45402861889886
42.13560925691495
42.73615898966296
43.891849796887236
43.01957760067987
41.38244591424444
36.749171805783604
39.90162009818378
43.05422706413508
39.782569490269495
48.65764774446846
47.67841284159169
40.75094871931374
28.296748844842053
35.47408918429478
39.73243526455066
31.96872838406742
40.78508154375877
44.1622294660522
39.83673672225351
36.964088872099666
35.829414389372765
31.534184327501094
46.46266711118585
41.85702657030099
42.00615332024142
46.173302967527384
43.20557633980583
37.51386516357318
36.746868252586054
35.48837936955585
37.95248423788019
36.908038659107746
36.47324003343857
39.178512352569335
40.35496400601204
42.416754908814156
42.02422804705108
39.869617549535896
40.636900480707915
39.070570434449955
39.31314400041609
40.95097453877514
43.24071910088793
42.898700988622956
43.640657797974505
41.098789682470255
41.14745647646661
40.20964902905689
42.190528174897906
42.76766995159179
42.541672098042646
44.636006346942295
40.424161166285714
40.42241909291126
45.456946428846074
47.823503935503155
47.6555828190244
43.92336395444234
44.517244076859676
45.06757446084827
44.96705944441214
44.06454341535752
43.098546765143126
42.694435516533005
42.365468977174906
46.387327952579454
47.56316775324632
47.857758274898345
43.27082239194179
38.2703317286946
39.28637840571358
36.03037907874075
36.422734532059366
38.25915694362922
35.74549193796202
35.164766442615175
29.639430398359004
28.7934753467684
28.223146600675797
30.2020317705772
35.76798525772164
51.500638024478974
47.38547957435837
46.041881677496974
44.49380728997037
39.01108641888591
38.31943062180651
37.06941109878684
39.04254366631141
36.870836057261954
34.18915549105653
34.337058214916986
37.38327953529335
39.765249414701586
38.77854466411732
38.86054116567656
40.905281859736675
38.83524516726031
39.184584451479104
41.4274747011634
40.38796549132148
38.010676275819755
39.85835731488302
41.03851990645594
44.73981046015072
44.47835983203011
45.85338979359665
45.30526428260396
44.18810396244734
43.44741001571028
41.31064144233178
44.394579648733526
48.862384103081276
50.336443342639
48.94130784412861
47.66669840959243
46.49966132335119
45.994355696361595
47.40643702101256
47.54896183004565
44.47259574532011
44.4297630564468
45.050749594334455
45.6020157874454
46.35147832402474
41.23045844790397
45.80311590488473
44.98646693368073
44.07499429560303
38.10594928678812
33.158998009882396
28.936291391535875
29.708897774513932
29.022894898990554
26.419434542231436
28.511051057110933
27.745645893868556
45.841393921952495
46.74792269364389
45.51558976227499
45.05658592118173
45.06095155527656
38.32094189462316
38.07100600308984
38.904925182825615
38.677520721061995
40.06933043890417
41.16560220962572
38.81863185680949
37.89101582935276
37.29098719964966
40.74568817729476
38.79209447957914
40.53994859943228
40.34769110862298
40.65124772818361
41.653118732764355
42.43926471277101
39.84042683750098
40.34569268731697
41.32070555960884
45.32418473850347
45.2071260243893
46.6864949036974
48.429209231720904
50.93258066686442
52.00517437833063
52.44193666677503
52.0950483641799
51.71204862443605
52.577839374168406
51.506619994595304
48.76022290885835
47.598409760872244
46.602537421887455
46.84672347307478
48.48452115803949
47.34244610949769
46.516069164103136
46.939257563926674
45.25708222239868
45.463808505544435
44.37200550328809
41.994164215825094
41.979238609232794
41.45620679090018
41.09520099387559
31.510696579424486
30.043835195703455
30.057342320384492
27.433126141466726
27.190895962334515
26.35282673583824
26.94490811066685
29.32698822496703
37.508659175596854
42.17919349700879
43.7197901951971
45.63360997237345
46.23200681511749
48.0296596113425
46.61410507975013
47.049894827965545
45.63387474069509
42.56246347459956
39.88165265571231
38.78205366238887
34.37666790545913
36.00096286461186
37.50666527485303
37.81085642170538
40.107625045478834
38.929377533180336
37.559522196052136
37.007655552637864
39.1457139806433
39.229576900579936
42.27986403443282
41.35892908112357
38.546407849927654
39.411924293818345
41.49127750799123
41.55481433105642
42.02521477961457
41.467471698343196
42.30831865829206
44.557426742252176
44.60983806586725
45.90812033298735
45.221042026045225
47.71817651303937
49.395995060983516
49.80364574544549
50.22885768871985
51.469924038242006
50.56351004696069
50.623625371833384
51.44473928501888
49.95216037613537
49.54741156832835
47.83724733290828
48.18801007436324
44.41899169163042
45.042798163500024
43.261364812028184
43.84883776640376
44.71539829140604
42.046330307367484
40.774214235925136
40.721018895306045
37.69861809149365
35.58314916780987
32.70814970452046
31.235391578721483
31.787986199291275
32.33562142754478
32.319797873591625
38.03947047806838
40.55465749040999
43.38851477530787
47.218436853237776
50.19247000511773
49.038366717760574
45.603858816283434
46.76959904422613
46.65832867446023
46.097024915351014
46.87794877280806
47.14751356236634
38.852752590904416
37.02129286795467
36.073149919422086
36.00167304943877
35.726620219419814
35.456223654715714
37.6932453311856
38.19986172344701
37.2501079556503
38.666848290543776
39.36204176552496
39.37799366562334
40.17028500027408
38.72132704467172
38.670608545505274
40.99895998521625
42.072556371082904
41.9837261644165
40.762112649458125
41.2740628987563
41.45906605618256
43.32200556529313
43.006409903504874
41.65554020596673
41.25681122331737
43.82225239794142
45.09998473478666
46.197256719769236
44.55492905646378
45.304410963478325
46.45243430648125
47.96764410325951
48.65280590658805
50.41689535219046
50.4331787624155
48.99958584199601
49.08346526962606
48.488864187343545
47.466335888284696
47.985085660274756
47.32051434097651
48.27336947029061
48.743780552145466
47.88572640001552
48.45103157655397
48.27600587479207
46.8727735777022
44.92824400208476
43.931277146230904
43.84509264028405
42.33430075768769
42.399844568707664
42.576576063364776
40.209602542681715
31.60560537496048
32.79375457460995
36.219171326279515
39.599021731122036
37.49510983109924
35.801628410016754
34.87308143523907
35.314218428009546
40.54245389359827
44.00116084781123
40.40358513759628
42.77506087442031
42.7484488490749
41.91061621569501
42.976157338995684
44.02204558368992
44.96877945362513
47.10007976515457
45.550321106962606
43.0119649333733
43.71787433563961
46.61703076545506
45.25206213263301
47.67891208663108
48.750343025276585
50.499922227556986
38.63376936447572
37.674418098018606
36.8799618207347
36.25522017165539
37.54270947239565
37.91143596187119
37.56287406165583
36.878251683932284
37.2273315959925
38.00121049895309
37.76435998067474
43.32617987535643
38.2767295341186
39.08960494675319
40.17429966688614
37.97950184147382
41.404554663218285
42.6694443663906
43.72544941194754
41.706323177057556
42.59796085392278
41.952209953275535
41.944302949893256
43.729172157338915
44.09316607613842
46.937532995531136
45.03179744882299
43.52255257357787
44.47109019594011
43.34923956672389
43.90718149469741
44.074104551553596
46.06661149710191
48.18154870675102
48.33220082590942
46.989601358439025
46.32208725759761
46.51394064377384
46.45512141266872
47.35559884245094
48.02132986003792
47.562561446026116
48.62755263674648
49.60219696084876
48.5907483400637
47.9007861675293
35.356872026944096
39.41413810386073
40.90674050139091
42.77274995275979
40.13793271754737
33.50227423221503
34.48479902765947
40.69784232003105
44.91238836240452
38.65694178921276
33.25152594210381
35.14278094495865
37.931328244304154
43.641119895389714
37.820861154286746
38.59319726911158
38.08450803272703
39.063178050238534
45.4026106873392
43.685509334410945
43.44554301633532
43.5264041352823
45.37601499407599
43.84857178070324
42.83108033116645
43.390825859482504
43.45702037942175
43.33506879955622
43.055913267161195
41.570357728308636
41.556996004719075
42.27678387547719
45.7565906257106
48.06364627629552
49.689080779332684
48.54890342151698
48.8491341143122
36.10920207020815
39.468481008028725
40.800039151311196
37.92183619645517
38.86470803661251
41.06567053167138
38.29237692383518
39.87314987335116
39.27372520745884
40.21669012853387
41.30708375186495
38.59739901201355
36.09798251205461
35.75004022362258
36.707654619284014
37.610916237988114
38.16538809536592
37.8331296445997
38.20924238092563
41.0414484393705
42.26067634945038
42.24021279025547
41.19722836105764
39.96644000992108
40.602330502858514
41.709534967363474
45.18056188544356
47.034180172844536
44.68665589529149
44.67964026777108
44.44906148501119
43.87638494304996
46.75887923261962
44.342113135749216
44.43585695899178
47.40145796541107
47.67800920183009
46.6855788754922
45.75044255891907
46.08695923924717
47.63091641417919
49.366696242682195
48.47325118859544
50.958541895014335
52.75457130209704
51.77809307230862
49.991761340984276
50.05821988657593
49.53088207692954
45.15327360336835
40.33689789924221
38.564709043780255
41.64312144969067
39.87751515423696
35.17187099318859
39.38692124932942
38.127147563173814
35.2761558932312
34.18704719853624
33.629372911603916
35.294301798861234
37.73966802571229
38.4938485478178
35.21462126672424
35.69344622101059
42.05019828146962
45.68213346628485
40.163564594963674
36.45518161274914
33.28044655849534
34.51730678638013
38.77904578110624
40.122762925871015
43.28860487521806
41.934651629448766
41.50155721957084
42.06564533987132
42.66295223746798
43.15757491780574
40.443773554925194
40.68948460764893
40.36522824766071
40.181403777922796
40.14658586654935
41.74296459356319
40.68429070164254
45.4921108920444
46.691344019064324
45.59254236265619
43.25338418719529
43.45748555907331
45.456328923742305
44.02138383009305
41.79239071471469
44.13323462397705
44.7282402987961
41.95069553355151
46.227399273046984
46.83098500876976
44.96599664704266
41.88533312850187
39.52071100800808
38.235000452155546
40.798945850770956
37.66895235823893
34.6946271045798
35.07146612236347
35.09115292786841
41.2338310857367
43.14782819340487
41.69187918400298
39.28401074968726
38.123547849435646
39.4947123340982
39.24818406989598
43.91313384084459
43.67760150563143
43.47924616760285
44.13510981147539
43.34593839286605
44.59006351518156
45.954757812912305
45.340012700978285
45.041832917764324
46.115466693443814
46.443835069205605
47.435957797728456
46.63757944548824
47.23926315216591
47.34892376205931
47.00547844244303
48.85818828504031
51.814029258811814
50.06488107948543
48.389173065356665
49.497721658183195
48.717017019037044
47.75317444879225
45.387745654346006
48.20941357803915
47.091466802007034
40.538090170508475
38.4737041509755
41.70975123898055
39.12955622469563
34.96963870824741
33.64845689240252
35.007636356258004
36.753710725100795
37.72387915087988
37.58418174795751
38.574346059824556
38.24721335457102
36.8856941232257
38.03709839269373
33.88004472115959
36.82957375922756
36.646917093133126
32.70924752047698
34.015731635848205
30.379800119027607
32.85123433293811
38.04182241255997
41.066237210579175
43.338027322479164
42.43503437862871
42.91599087224384
44.13092716097103
43.56849750226468
42.77183885202651
39.48037871537126
39.756982224577186
41.17969470155107
42.084006703234444
42.928040076109575
42.86628007370406
46.996095917428846
45.22232555381164
45.46974613218981
44.34800737942179
42.27971467214229
41.545536192052985
39.912870413887475
39.60314507950105
42.054093861476105
48.99954131317466
45.95911237408574
47.48566633387614
49.934016973935805
49.539045321617394
47.675544577415934
44.28688802868282
41.27599351803456
44.38977924828938
44.23980227474129
37.18264224124441
35.237701184545394
33.5508409907795
33.870484982736876
40.163353914915355
42.721773004050476
41.24983435707604
41.548111600007964
38.62472588009362
36.588275555513505
36.11787480079623
43.36067519279703
45.15632422756317
42.7986974925003
43.08426389382486
43.95222464956605
44.46155825276487
45.87293669546954
46.12431011731729
46.8260254798752
44.75005280815264
45.3690755268607
47.2401698598691
49.43655739103562
47.33037491936902
45.6759761561527
46.67342672777418
48.298019264768115
46.960353224271685
44.78035448356238
43.184353826332796
44.65576721686438
39.934373622263465
33.365611648902714
32.51842608474795
37.86667551053311
38.59043776787981
38.213863337452004
41.1712706503776
41.513166379482485
40.414455983589484
37.77420371989228
36.79597305129086
34.361767946396256
36.17372586536794
30.630179491391452
28.997134711205636
29.126889906478482
27.741783431766677
32.07150564565423
35.80023600776584
39.9256149422871
43.486172919676136
42.79707589858961
44.79000718758768
45.67235365852291
41.60633827106953
38.989677954876875
39.09681544135033
38.37446650879728
41.39061651650738
42.257117287413124
42.63743045448831
42.13314031262883
43.792412313315936
43.209282589910465
40.93321035546985
42.263144797200475
43.606645327537905
41.78608414899736
42.15684078929165
38.00490110953122
39.10569514587837
43.714351327937095
41.6763852083286
49.2125742110706
46.05754132066445
44.07305282670298
46.98797287185205
47.014432063109936
48.0664891478331
43.60220004594347
51.769251440362034
50.140782083495324
47.05539685178386
40.00422533860027
39.34976404157912
42.05241574515505
34.63936203456346
34.532279268249994
33.43965131600898
32.210447090782665
36.24509163602702
38.23831284662551
36.15967936882516
36.92451994786938
38.35883036708927
41.046889574616515
41.71133201688968
40.60812066484775
40.72947617752827
34.968626832431525
42.1752017151812
43.1026693155726
45.39823390010223
45.971863539113855
46.5354354863007
46.91473925857877
48.97630701106885
47.917042396784325
49.24264140495128
47.937637258910065
48.23739111496845
48.7608195577321
46.71394803452135
45.891279628477385
46.421533697523316
48.448597576988696
46.371023970133855
41.43524766641027
40.02552721897723
39.93914259648587
39.1046119180833
40.77659885185838
45.44080410278564
43.695848358879644
41.97561504416855
42.91181263378413
41.56115886406867
37.088562621997404
40.04946881937999
40.11095721813628
34.60785384707874
34.74523623093847
33.54766255457099
33.940227437773096
37.44721090466747
40.28708558660574
42.304538122892986
42.653533980776125
45.29361513375896
47.344106632083644
42.584253831900774
40.30560453298722
38.794056564406326
41.09424256045815
42.78056098381682
43.81420755638625
42.67978648030642
42.54652838122691
42.60176059451769
43.92210775417781
40.623673458241306
37.848289253886755
38.84620804007365
40.826602516108316
40.71006806109184
37.589330305249206
38.330161439768865
40.131294748206734
49.78419748164441
51.516808496138054
48.7299981369977
49.68692705903421
44.377598459108434
43.82657275905056
47.410829902996845
45.35427114059014
43.016423806662935
42.96279466459013
45.73876926796398
48.58519931882405
47.22709477612789
49.891519184478035
46.3574632859392
43.7843477396206
39.631893455797
44.31637081496478
43.86509040171277
33.52072909232702
36.65647226438165
35.101813920524265
38.255941573668146
38.32696086845131
40.839235974811814
42.65481680216795
42.05795800526838
41.478661181102055
40.883152285151205
39.927983187247946
39.50070539246057
42.88679827318586
45.58471469205549
45.13408344702684
45.26674657166471
47.59892747182188
48.39096869261805
48.95570377460104
48.306838108050684
48.80139861889287
49.76275718860008
44.8969833395787
44.772754972577836
47.70951575590846
49.02276343761892
47.561812484387666
48.11961456963886
49.92995221771875
50.6517246386159
47.41502279645955
46.08773464674116
44.780426738160116
49.30415121575566
44.993958183749086
47.784103095836066
42.68729532127189
43.054756457014804
44.737449132818085
42.860280236819655
44.156762317283956
41.398109362154244
40.25824010650931
38.878004762140456
40.304205887595835
37.89637021934633
39.70379309921436
38.19549243770898
40.77977887421353
40.54010494003138
42.08562962489622
42.104137965363975
44.10776972274013
46.225878623974005
44.9392007297861
38.66422189474823
36.96855276921334
40.73466857977485
34.23420527103443
39.664916614007176
43.42563784558389
44.13689402165422
44.93716342582757
40.19397749994881
40.899360069372406
41.72122602309018
40.68952393265503
41.096526114119904
37.59192969526088
37.915515507815805
45.06454822063122
48.187313199698686
43.366576211606244
46.36765357916919
47.51742268201038
47.20011325303192
46.807902947883115
49.687626684534386
49.23247088058121
49.618509641569446
50.08863535615426
49.195311232461016
51.14862145711749
43.77430098350538
39.828975864646054
40.24451675055633
43.109671032929526
42.51794041078245
33.25206114170559
36.09007280395156
34.86486442729493
38.37188418079286
38.83476471746722
39.17625234454711
39.78116509757951
43.45452319654301
41.51762282952941
41.06243852720459
41.265303025255534
42.93439209270247
42.581454162938506
41.94277550127527
46.92012628637664
46.34322664372548
40.4016146032113
44.30833566195112
43.541634806053146
43.398805571222006
47.605972267556496
48.09628239963977
48.13306077073995
49.67573958744181
47.518579773492434
48.838761215958066
46.21950517107137
46.69491831805818
46.66089022038667
48.16395959564087
48.435374715420615
46.55756435865452
48.31727042365441
51.5199009996067
51.14821737584155
48.53549784296381
45.89387832923823
45.39549939546097
45.593834554305076
48.43751581780284
47.23284368181087
44.09401976004112
41.89974370108087
39.51262354665601
38.851713204544176
40.22045123927319
42.70165216394782
40.84629688871787
41.885730748237954
41.917395549455115
40.57183154239133
39.83422604150178
41.89799647599879
44.71975010562463
44.0567204247915
44.62229176792095
47.0893151560724
47.14937577318819
42.46394318610919
39.36803453906104
37.11394424531898
34.99917884729855
36.82156218602892
37.065778509251615
42.4364839912045
44.73378006314834
40.19272816717806
40.70290444051706
41.99105662831709
41.97367458643382
43.56720245737148
42.251443014344396
40.2794925294398
40.21712308802998
40.44880562447542
48.63369506079344
46.00155729648298
46.17255238937213
40.120179512795595
37.8232085796273
42.71153108824438
49.49883208622287
45.813076227077325
45.204098900882535
46.111380654813296
47.608525558676135
48.687671916750894
46.915156235552274
48.121825055531126
51.73937376796426
50.50901700266795
53.45017342790203
53.436989378463
45.802645423150416
45.99251999017891
43.79711654874984
40.5776769192254
39.78049872355839
45.33738646829252
35.65286181293582
38.07321276805741
38.32986075893703
35.828288007253
38.809123100358256
43.18197501186697
43.802085703728686
43.14087951166226
46.02691645775089
45.75321326855402
44.44796384546896
41.82886630092653
42.124752223221826
42.47353904799213
44.71335012860113
42.439356819646356
40.20696080422675
42.47561150269561
43.72485206255675
43.61496843090136
43.36007917175293
43.81127718014494
48.256830020404216
48.214284578764946
46.62581335855773
45.576730347250816
47.31534280251933
46.64468301850748
45.599122675539576
46.63467375008463
49.77553448969418
51.28939246370653
53.556835448222785
48.51171945282922
48.51918721640994
52.52386017602414
50.906067640329184
45.08353765224758
45.17389906690898
43.55155411307584
32.7378534862923
32.948917953074734
37.27846773235224
41.818657399682394
42.4043977898657
41.31136983732758
41.593796516099495
42.99962419439601
45.018740825669354
45.95979368038865
47.404142073299305
46.62016943611686
46.59400764083974
45.49600548577012
46.54195302639552
46.760700670798855
47.366477279695886
43.25764579485141
37.95480004739584
38.530573512911516
37.08829058785869
38.797349343527955
42.329565754562466
41.65260450538851
43.680460852626986
44.50052380835746
41.08617230023595
41.07882474406478
37.76593200093788
40.79126619599018
43.82932436007511
44.389687772162326
42.065527559280056
37.93751570359063
38.480403808217645
46.61458360776657
45.08316511259961
46.07314795038181
46.77552025147482
47.53870713019948
48.11610320166191
48.50935615542829
49.3306730188602
53.23327791473843
50.83509918187723
49.58579014587953
52.90716184963129
49.19796424991637
46.26567176023539
44.24835754109784
39.83796566676214
39.54848441604405
42.988779480450084
36.93510416219872
38.1786758181623
38.07034260041564
37.560608005907994
40.22569013444769
42.05079304409349
43.83778940612085
44.935982462485946
47.09783009435983
46.70837520155259
46.91016827897665
45.44282680722154
43.45424698985225
44.4219387942432
43.60742635344122
43.783654160753564
44.7803699854626
42.42643896644085
41.0238798548233
44.34276397119224
42.434560990533996
42.10361963113587
45.08280941321415
45.43004148701126
41.78818066893603
43.283817103386475
46.19150187097411
51.57641393479752
51.04678018817332
54.68056874980132
56.37725080006682
57.3714390284453
56.905887617246336
50.6872900505798
50.78460071417513
43.34031147416206
37.45467257583488
35.592781158390956
37.797417596599665
40.689949584017306
41.89241289082617
42.330023686931725
39.28043755895476
44.448173122323524
46.21019100112415
46.66173825340226
47.028028226582336
47.62004046931972
45.308272201871404
45.58952463577386
43.93215054100421
45.175176706221635
44.66892326512875
42.18014234392215
39.867559480556196
38.14688016191741
38.36037740100197
42.205498076521145
46.286484057684916
47.48181840532737
48.04298144972286
42.78098062171842
40.894361618019595
43.97125531033821
43.69651334441083
46.14851657486662
45.46621110646213
46.541108621338225
43.43104677506154
42.02746897789564
43.073600021608044
41.52565281157351
52.1143064821664
48.173705680503964
47.71753349441675
47.84659691927771
48.08970317817326
47.98836502843898
49.33558795732745
50.079688004395635
49.33679401660113
44.86541067251304
47.40657867624358
43.66489305267439
43.049519411759974
43.31980354526277
45.96180962667827
42.657165881017576
43.44318299330627
44.43633251532693
44.980602530502885
43.353730395974246
40.99366119100966
40.39860988648803
40.25237945661227
41.745595838933134
42.77911683892712
43.79375659963421
46.64547219343682
46.482773494913275
45.56349269775411
47.29591812871048
47.36584834629037
47.18926282275858
47.12537449052509
44.013687616234336
43.152341700978305
45.221268890276846
39.173644042870066
43.13227386802695
40.42784408144282
41.04908828940589
47.493487250955035
48.75696460171373
47.56887098622959
46.903278303056844
47.47834198041796
51.51189929612093
53.21380691499511
54.55086306071756
51.98992338592559
53.57883445389099
57.47270306351837
56.334940707608055
52.068373863421954
52.11497115489442
47.395104797240734
42.97562152944551
40.7239820969247
42.749864321088495
46.05026925328617
44.572152212254025
44.55381444144317
40.84697825258773
44.99737007244236
48.75986895638868
50.031593110737376
49.32652082697569
49.506754162869434
46.42814070176783
46.59094428128027
46.94665814850768
45.79635389340819
43.30851276181272
42.48703997049371
43.37825056018229
41.341652948096424
45.173158705179674
48.84643864034164
44.26854478017898
50.035333228333855
47.5731177802256
44.04214732474399
43.28837656299833
38.466069247474316
37.787843302027866
40.81051533180622
41.981975035418564
42.54378042215659
40.00725986197317
52.488101164124856
49.95813852901974
49.82658740826889
46.377611263494394
45.17093430734878
49.40094663152116
47.28187667412146
49.52143536121371
49.93524025308377
47.472751793647696
45.70392254085033
42.899068154375385
38.936003776585686
41.33846941789946
42.0140537192563
41.239144882909834
42.464665696432725
45.625530169314345
46.19205248833039
41.80367174781708
41.188124993187365
38.105376690767905
36.19833644001417
37.36568175022628
37.226975067795834
35.26673209116168
32.866363590657485
33.69862194458932
36.45348043373614
37.80663769876947
39.89073645391374
44.42180049486572
44.169506352635175
40.3140012111317
39.50154959830244
36.853909350390126
37.30843713250199
40.51551358820361
42.77432978241527
43.36235252865545
44.0030719139346
47.162749860561924
47.458070901135606
48.18898814098002
47.469886618517194
46.7766517597578
44.04744848426663
46.29866760706474
43.99021443820537
52.48010411385924
54.00570622156962
52.96479625297373
51.0245347434488
51.37833788957971
51.5487861253119
52.25199624991827
52.401537673405144
52.457312661969
52.186018591499206
53.98567676622768
54.80468471808794
51.33526283084052
50.870720365213444
52.74869383018757
52.923067116410955
50.24565040289022
47.53005610314099
47.07220351500187
46.70189372736206
49.04522948078241
50.142382704962344
48.87397782763174
47.25513138702975
47.32380463274942
48.01820506256792
48.76997676376196
48.94191611280771
47.46360714523578
49.116193558900434
50.39803150749499
49.07100558863891
47.595504465823005
45.646276775013035
40.63261119611653
39.7949341228516
43.62082468987148
45.938973717926366
51.27070334020703
44.38517799560307
42.76018084859262
48.00347025002762
48.410686983488354
46.91876643935252
42.962325933665944
37.781150700793376
36.72410863466189
35.97021544254267
39.58477064628003
40.37659750550987
39.81487131354239
38.101050231786935
37.86440952037116
37.743142979726066
40.099269581445455
52.63938997939363
48.92465927350592
48.238998388680315
47.146053903167534
45.576247959646565
49.248330243152544
46.80088596437334
49.19938695199292
48.75788756912432
47.93610455578115
45.46699147546162
44.94565330822361
42.21736868160504
44.73412279800609
42.86026207219485
42.883874836556345
42.90992579744809
45.19478849395493
48.59585311964113
44.16278445761562
44.96329489419946
37.71430064560632
37.962361195573926
39.737432383331594
38.37740285865245
37.403771075667905
36.364419392344786
39.25083147541213
44.748913806497626
47.98506926074142
47.831353605091444
49.52187512666705
43.33090640481657
43.17829843757515
36.62198839034119
36.98545310933956
40.91879960068738
39.874461656428274
39.74065579701225
42.48775969336767
48.67945702616192
49.95513354624859
50.263678592454774
52.247472216613836
51.96294558489942
53.58171274098928
54.124970754096196
54.161710137283755
52.26044338388482
46.11611484753886
46.51659210184126
52.25972329900991
52.57980184496435
53.06975628418266
52.76896097552108
53.05580238118579
43.51536944951901
42.42245682323227
42.85992730437175
41.660274417899416
47.881502721464464
46.72009236045378
47.407824179463276
49.11259227501607
48.53280950544404
47.29232851794714
48.02863398649362
49.20589409306121
50.08961197292729
50.22036233979899
50.496193966847436
48.52941544476765
45.648110772300285
45.989351741741324
49.88306883048185
51.144980725768896
51.19832111065984
50.16153870329011
45.02499538948824
44.18820116443966
46.62601147162083
53.92763958834037
54.146574182586
48.109552129583506
49.092885084934444
41.617534266373276
43.77349062264831
43.58093890142615
42.59071417532687
41.997403895647366
37.31572409584015
29.51148980748462
34.81195571656236
36.33762494332717
39.17810639032128
38.33800604275961
36.63029194474073
37.635487019862104
40.58659150602985
53.08359187572622
48.66089463752229
47.66539548610169
47.57805399231004
46.38830665332004
45.531133573057616
47.70633372844114
50.70328728944387
49.544700393117544
50.13640137710178
49.119525282954875
47.806271230237016
43.991805276051544
45.44084396363407
42.9511045134712
42.134517712885724
45.12348461159128
44.410388210527756
43.33619189856238
43.571712024861256
44.68181752461585
43.32673848543594
41.773800769351695
38.172276521836054
41.42831742892267
43.00034302769311
41.09669565673821
45.27387736700011
48.17401887033647
51.710882627325
53.12013505149325
49.78908327260171
51.78454753238133
44.72291976602965
41.4501486718817
40.43963473054246
41.680309000908736
38.67927774447267
41.7594579742143
44.19796932982488
43.691041310185824
46.632848541504984
49.09324092908138
53.362352204579736
51.53894423463907
47.594937254890034
49.68459922720315
45.203293084861755
48.66707385012162
50.69226873411513
54.491877629299736
53.966159599207266
52.28951680787594
47.66335335818738
46.534562215010524
48.2877737420567
49.767650763518795
47.95797331000158
48.28651990496099
47.762363009593486
48.31553908827431
44.382419175420544
45.878327367920264
51.22425942797602
49.62101706901947
45.58278347852498
45.04945166577106
45.03035069380354
47.47666861727631
47.69847931850031
47.499914463471185
49.791710929017185
51.60149791979053
51.79627873482969
49.61315671746118
48.35359475914814
45.971510999813354
42.48586649816974
52.70303241918179
53.95402375315742
45.19286967763452
45.34949786456907
42.54323012383998
41.95777148630722
42.60527279434366
44.90007244569323
44.917440143482466
47.03664392232767
46.17948508571576
43.49725306723641
48.49838171816086
47.04520022054955
45.34477977912276
45.03098707232047
42.59187591274517
39.623011038532574
37.37804167011415
38.40670771121476
39.13335573500439
38.84967518659752
40.148361954984296
41.2790748664678
42.94909623677866
39.73320446893634
38.30369777630531
39.97038446832784
37.95564648367376
39.08874193543328
39.809447531638924
53.12423488125434
50.3205169645437
48.64186427144019
49.055245553155096
47.514994316283634
46.13031944219452
48.85283142720882
49.022725460942524
49.4349268293189
49.927775440434054
48.77705023524755
48.72604872982256
46.68030025754481
43.39031609911693
41.47257614244031
43.19225779117936
43.13368717542832
47.409140243194216
43.1567969538465
40.86089316214831
42.26790932570076
43.586890614716914
42.909904601154544
47.13105388123711
50.41634712395218
44.999459799035705
38.93900944397161
41.04580350516885
41.20539735603644
43.682191456846766
49.8929936417207
47.842856067685425
51.12504849905916
50.32544078721573
46.082124232413925
45.53571993044289
43.57125249161654
42.864018449064375
43.97509414313982
45.64435948722477
44.06464525751952
46.67516309300896
49.36646285632503
54.08998130776701
54.751891377578104
52.86183075585082
53.92639094196088
55.741215250983224
53.93522405180152
51.61328349549814
47.941323391159834
50.29562613955818
48.41225409207425
47.813903997872835
48.99558377964176
48.818987602255774
54.72328228822857
52.44605691283722
52.096150139582306
51.50993508299703
50.94471188915724
44.52759137301654
45.10831881995639
45.684903935590214
44.39191812219372
42.83600380747126
40.43853896341439
46.99448745399823
44.62644552318
44.9396688925191
50.41454861834457
44.94254638766966
40.35154479667426
39.12364120705752
42.32381621188883
41.095440053031766
41.97613049970986
44.907482944159156
45.900470968763784
47.42803831553266
51.041941584119535
48.181816762814115
51.29069980537779
51.16279388880412
45.40547129746749
45.10244663275411
45.34601666965094
44.9193906661287
46.64548000510545
45.91523178567388
45.19563342009027
42.47908035585993
44.78517047557524
43.70449669770242
44.549667780204295
50.66155782976653
49.30322229281947
49.38114659040196
48.41724037926104
50.1007196488562
49.91904875286779
46.95710021211854
42.54819072280289
41.14862299206425
39.27544974476126
40.28866400774274
40.60746154363768
43.344708737128
39.18688267851569
37.12062625819899
32.59150880226178
34.80550776570135
41.8313678023778
37.70424457665537
38.039316000707416
40.85067862469047
40.171421896354786
41.03957441664756
51.80808415195816
51.08526074851588
49.97141963001347
48.2108431080247
47.856623556508744
47.090144746938854
48.187019041737415
47.49838765279264
45.61826766160359
46.69757147423424
46.87177377790426
45.27417944768072
45.107133672782304
44.07494288006983
41.024893611805396
43.727802961706715
44.616010022416326
43.898961868920026
46.595904324725794
47.96766261161336
46.491731435283924
47.85654528489696
48.62552447444583
47.39721908642487
48.17674942066476
39.90708005401096
39.25478430864335
39.940461708463246
37.51116069959149
38.72808314564188
44.71012349990649
41.6565071546489
41.46040610451384
44.66219657413459
50.578238096475346
50.63836620603947
49.092360948244284
47.55517327135546
47.98958584517353
45.19530285075086
46.32993453758564
46.10837257831515
49.63728310323451
51.24345476646975
55.49044035474346
53.10886145914987
53.07788788123932
52.34879390815878
51.30646862436843
52.24333753138388
51.72592828663169
46.28587465411893
48.774163328324114
48.68295749872608
46.02673466870279
44.70692750952255
50.16428535124423
50.624120043486116
48.02377411237963
47.832940349609395
43.12823908897221
43.102255058132656
44.064325417256164
40.01372474124912
39.08655723270144
42.16963780402605
45.715810596085106
47.422244526403574
49.337813715541316
46.7843579589638
45.61155374262459
44.03172225225612
39.44879084198272
39.001513052192074
38.60423643778559
41.48235449166584
43.41244160799053
44.62320808471097
48.00815276687856
48.2557112444479
49.93502040103414
50.875631185234425
47.535695929384396
44.77396095945956
46.011546911804075
47.1190197528223
46.728045747619426
48.003002107802274
47.67992702429487
47.17315094914728
46.71183465425797
47.61481350917649
48.44955614895641
48.37361327617042
47.14595551605985
44.530880916668124
50.6583256101488
50.11593363942204
49.92167174339969
45.09680129100212
38.794147819680234
41.23672324931661
44.68102805837456
46.37818318423275
42.66696001916066
41.87408938536243
41.82049363373458
38.07290568025197
36.57712045871909
38.52019908719042
40.20463883177573
33.84448211384868
41.83633818595783
44.14883565103444
43.09926127805874
51.18378158769794
51.953173324811594
49.65742597537457
48.106426789530666
46.096977061890954
47.67862004138995
46.80258467876346
46.502882170066705
46.28632843363144
47.178483578150164
44.90882296131397
45.60057467452739
44.59220931603342
44.00408543647501
43.23976522631433
44.28212108365324
44.718052242781496
45.63597691193545
45.087664198219485
45.4862881019606
47.700016516848116
47.26679861475615
46.03059894898547
45.95256470146375
43.1758030737493
39.2003318542145
38.5375395545942
39.11299945290703
40.018994417218835
42.129999722689796
39.35821256541596
40.39980862563343
39.35386201857628
39.80900820815783
43.174040342161796
51.16734412676052
50.79446101519541
45.96980880137596
45.83838468778607
47.51649826724979
46.47090288963893
48.74409867811586
54.354731159136584
55.89914760482624
57.19759905385552
55.05720101573408
53.9412091217484
50.36770171524933
49.00195935882337
49.86998154299597
48.479577277317084
49.27925007782297
51.692838140080134
43.23342933318586
53.860148931003415
48.24261754368218
48.73311612483617
50.079043980762414
47.235715817779706
45.9004576537248
44.73566738296998
44.142371862230355
45.61936258633805
48.282035758185664
49.097824167722386
53.15319446214909
48.49020555617949
49.070397166733834
47.11858619607532
48.54731601216099
48.14987399590064
44.544094341781545
47.47037826820645
51.53643452727909
43.71730700850666
40.940460160087476
36.495841081144405
42.135731613713865
45.59733272359199
45.9472914265018
48.04082501157529
49.43169224157338
51.068708927198394
45.455738813337874
46.59894628862432
47.18345928715425
46.463190806399204
45.51452331390114
45.98516878323421
48.31161951345328
50.39724696043091
51.00930939837747
49.037639265887606
50.35792259182515
49.30211800122279
49.881076405825596
49.7751463669653
45.147598369617235
44.41266863662147
42.8637272000155
41.236255784853455
45.09830368454556
38.83600275203286
44.30941954318087
49.00785437898235
50.84920548640439
46.985259255395036
44.9698911581314
39.53817301817451
39.75677682603842
41.048389366831806
39.59600937541073
41.444509258549495
40.53489558020834
51.98825995140894
52.18093325054808
54.636434654963836
52.43911755022613
52.23196689715285
52.066451382043326
51.26357154796348
48.90730479547378
47.11572006604739
41.56229651158106
42.25243077297333
47.06429831951566
46.13393368890766
44.82094700521442
45.693210575233145
45.37307957889642
44.41405374665636
45.21264877269275
45.28464641406432
44.53769483666692
44.866831125585286
45.71554270044733
45.907211034473804
46.22928790100172
47.802395100824185
47.69546911505
42.01404493246359
41.24277504331453
43.92128448087309
43.56779323424537
42.516902580074095
40.34130622744391
41.64196423276585
40.755906601322835
41.79725365411857
42.895208902232525
44.79539034821076
44.856876906465246
46.69492938288153
44.35538598141432
42.63908033843496
43.56318426030665
46.9492043499069
49.719083111593356
53.44233306583191
55.317079116327584
55.96348482407701
55.19717425765189
52.83910624167462
53.66034613433957
46.79622210354347
53.22289752372678
51.562445759861454
50.82299082809745
47.94245591296161
47.578562190318046
46.88444050130482
49.856543377357994
51.7994971169309
53.015226194414886
49.98397185033208
50.389051579539405
47.07110628773485
45.28985461452385
44.10326440691847
42.38097323268793
45.75198729738717
45.70285839266704
47.987738009742664
52.149928790555364
52.6524099680755
47.31261550663717
46.48780490259608
46.3680015597779
44.8048909808712
45.48453694025965
49.30247844638155
49.02519240998369
47.61584766792978
46.62063422250951
45.63071972637389
47.046648904465954
45.645072418441856
48.677928966699724
51.56030429205927
52.74894936072547
46.49844721298817
45.58216370971233
52.636500961234404
47.60927296553458
49.44761955599766
49.69534441802606
49.636852298585644
50.42918169174327
51.96556522908727
51.29149786506301
49.91143231683141
51.33760425443057
50.11388789500937
50.99590025242182
50.60073838866466
51.524169002919166
50.682014638302064
51.647110705229764
49.23414058955398
45.798510912361564
40.868798300874666
42.440578751324985
36.683024932192495
35.75000358476804
41.0462314624158
37.41931684760968
51.58683429997088
51.66956348578993
51.48411116883112
54.849222781724706
54.5493155009401
52.96507737793157
52.756191143350826
53.003223107613096
53.03501481814025
52.95106490222686
52.48381422107975
50.54623261601562
51.12364857444349
50.9384138236236
45.24236516198726
43.438467179054186
42.76137445695691
45.149048222017456
47.17467611182867
47.381484908358395
46.10466157122689
43.372093113048095
43.96661784589899
42.91538882573122
44.78712594844008
45.504620602710546
46.8728052540092
46.089730678568486
43.385136947050846
43.39722942251391
45.13574291695399
43.74868355366686
43.92955912363535
42.15067923060382
41.98521305123994
40.01650347817499
41.45504348851896
45.45671987582546
44.268051339710716
43.052688919899104
43.16920477541291
43.33521815684334
44.730442513548795
46.74257581056704
48.089445417206086
47.375704756483486
50.06628618542855
46.9006406800861
45.895971292744626
46.776521468122894
48.42886934077401
56.27224958112909
56.11860490763529
53.37162461987097
54.43950016388601
53.706644372448004
53.11271996751341
50.576032335124985
47.064493681390395
47.987639413416275
50.33965691197869
50.73060174466152
51.10641738603643
50.75338334078348
52.007965217763285
52.62747275205452
51.87046662900708
50.10243117980768
46.19893609995117
47.320957313608474
39.93911990221573
42.70188139945551
43.54860298689679
45.326319000512385
48.50319855734812
51.82631777580731
49.09693641528183
43.33449323100142
42.73824876823281
45.0532665913221
45.63020433169414
50.99723051339195
51.083470780322216
50.49682712200836
49.88623399488186
44.61789813350937
48.74974457249977
52.60806231040695
50.18523331202225
51.51891737739063
52.423505748389054
48.488246630766255
48.80196718534614
51.111337012421316
46.92212483645451
48.202293996442364
50.57476265610697
52.13214696478596
46.65395581034781
50.50127227673227
48.07792651178772
47.08847264595569
53.99531783099728
49.89536615493397
50.74603169374127
50.172901260314106
49.69634345448161
30.81663088863469
51.38996225733267
50.62380305293379
49.70810822668691
54.572871510684514
53.619943419756616
52.59826446736468
52.90564833197196
53.04915811220942
53.19246829452991
52.97814668461306
53.3932941486986
53.36557592132419
52.903415375480634
52.650139321692514
48.032791196013015
43.21239903230519
44.36921036480932
46.1099206183116
47.38296178474741
48.256781779949364
47.05342852295334
44.065389336155675
41.90974697983067
37.867519633039066
38.67223679582298
41.791103418353806
47.32578246675683
46.58871500507467
47.47822916826057
48.33407654202155
46.52420822009012
44.34892926403313
44.02770455371957
44.132637421964795
42.271747187202806
36.98898881483349
38.17426865306018
43.9669886025369
44.883459176062594
43.283970714469156
46.64202095907538
48.95912311104003
50.360934074261245
50.134191599121074
50.68283264470259
51.7262926653593
52.033170911269295
52.43843726507335
50.099335641628436
52.4254810646236
53.17400597863326
54.526604514699244
56.43351440833507
51.39313653466354
49.80905938639226
53.43965269962911
54.8507366740293
56.120191111603404
54.46210548628097
48.0194870065079
47.93622174285318
52.666020413695186
52.97978335468741
54.145129931122064
54.08442340901459
53.65991100953274
54.23473350440984
54.24721935460292
50.85288755341818
49.98751003159221
43.11204552894804
42.53083729652287
36.14657109546735
47.97602616343455
46.39058271406979
46.63704515938411
47.574089964107976
48.07527391424464
49.26044344712119
51.536183348868896
48.280733780865425
49.49470358607173
49.95142573988735
48.09319591200611
46.94957783287476
43.064740209421785
45.697360593888874
51.18689674958592
53.82994306895706
49.28930200477273
51.35739587453259
52.220852220423495
46.809892225207406
50.29749884746047
49.73505336478113
50.17801999137817
48.97169741288995
48.94939490403961
30.77988355555896
29.349687643570395
54.22683770918163
53.00917718616937
52.45347419424489
53.095951606703025
53.17301641381194
53.36025913779462
53.675562032887456
54.03297579035661
53.400423717693485
52.68585725363134
52.93258414563818
53.341970346184915
49.21084128515497
47.84974932023043
48.340841547722185
48.45951877625541
47.17524473332914
46.65589302511723
46.168665258019566
40.920799045509035
37.525466980324126
38.080604930080426
39.889999461005765
46.257957801173866
47.35114585746289
48.24845024084912
46.32550503587897
45.61014813965432
47.42143273233935
46.99508038345517
45.42856995556452
44.857819131643645
43.13737438126566
44.121638384061626
45.76057949071041
44.37460661580417
46.99762353741371
46.82585139888255
48.41105577164717
49.639477340974814
52.67415160630939
51.835273158677744
50.88546420303102
49.64777388222929
52.32856527816869
51.036782255529346
53.03668681711122
52.56526948596292
56.00868399732924
55.18562496627004
56.13423515633222
55.30432915054848
55.2899945998049
55.681180468742895
56.54491271696744
55.12182103634898
53.869749838602566
52.7548496135473
52.06847969446512
52.14245949146093
53.3242519173471
53.719433296027994
52.69413930549143
55.20883186192126
54.50294605825611
46.72791994473495
43.50581159149011
57.736832503127886
51.544198423827346
50.74332662144539
46.508238806850535
49.719688681950366
46.76660425822969
50.11185422674391
47.76940762060657
47.835570402392825
47.3792549408807
49.0754858048113
46.07784067753548
51.298884790523715
44.30879862701467
49.029438668970776
49.86977672316042
53.170506272121564
52.829205278927304
54.28911265100223
51.91294324487629
51.18095100902851
49.77968583963295
51.088370913627365
48.062895366979674
51.62740453494756
34.737989988547
32.45695638575319
53.10652644560155
50.72018445180748
50.0809776423825
51.412331698785245
53.268410043467064
52.294817023784255
52.5864150943718
52.01171455603435
52.66962957473995
51.95713500278985
52.00884988363806
49.557374365489146
47.89166523085752
43.59430297650479
43.93567786031184
42.37031870248406
41.95822490907883
39.27455397966343
37.109610100417534
38.689679082759916
44.68638611928204
46.656008856873626
45.6817332347607
46.97271061362679
46.72856458375304
46.602606600444
45.52656482230885
45.763666949232345
44.700078880191015
43.9841670409338
45.3490264408797
44.423146771022225
45.534587194949594
46.248645194481526
48.44077683893926
48.38583226602392
50.82797783450536
50.1988814394713
49.68253787894248
49.98998157374014
46.89831536861456
49.95598208559018
52.501384210004105
48.65594472759342
53.368717152730845
54.23042981589434
54.0986385564784
53.89915385113095
54.97601399197599
55.9317710633881
57.015755831761474
55.16254940297883
54.108353772037624
53.14302510014299
53.024754088322574
52.2653212767262
53.54289155397114
54.24423629009391
55.22085559026433
55.60393780608285
53.76683526366254
43.37241195850414
55.64352841443887
58.55194777735101
58.515833886394475
53.59184578430575
48.920650909257205
45.32929410704896
45.75837193826138
48.11748248289264
46.81854694365928
46.25804725968002
48.99453982206377
46.51509736071282
40.14825843202484
46.8111316353289
48.76548819775676
42.337404278359955
48.30120689614996
52.444614553639006
51.87324182464667
50.62981480737689
49.842804780403114
49.62268004397244
51.852892953537925
51.779401506194645
52.74756600984602
51.85680689734521
53.14534772995211
52.52037126148881
50.532638571937206
49.37120066718227
49.67741113974767
52.912288775067395
50.63889302885973
50.72560105087265
52.34556130342239
53.35422301181869
52.15470630549294
52.26998642613467
51.50969978824984
45.89509680899636
45.91264835579744
42.749748642834014
44.017099209496806
40.93512898298289
36.56718152029601
36.35851053453928
36.78938296301655
39.276744809023704
40.613444500916025
43.67338705939446
49.11031091091478
43.62697539890704
41.063098633051915
39.508007332742224
41.70170446285892
41.501405129804
42.876210154277786
45.33676146112333
44.25684345151791
47.08631541637801
43.80071765858729
47.68222851601634
47.56951344026233
47.234518532969915
47.58103567115053
53.46965937771023
50.882693617322246
53.76324670310603
55.24790752525041
55.3061374647074
56.162083856210174
57.261960121212944
56.180168555521355
55.50422447727471
54.16748707673668
53.38378398672002
53.63805607416928
53.732904081573174
54.50736304668492
54.23593729167592
51.88657320210296
52.77127930499118
43.216198006201864
43.32379717215203
58.82083078649278
56.101515711552054
53.801669744926826
51.924912891020796
49.73626256019302
52.11632700543645
50.86096414338
51.73566942821913
54.96020130064622
51.683105573759256
50.102059751011986
50.53101362367215
45.48589734730302
49.805300523396895
47.505819869511875
49.14315198575951
49.46265392738947
51.47828026497941
51.80683819054915
49.82493094926853
52.52121364258959
51.46522910978322
49.6449250824951
48.619747824393045
55.518225955856764
55.03007978947146
54.49818949535642
54.22648844086222
53.02662443593879
51.072107211779155
51.25427987795906
50.50855306067401
53.35264316070733
52.14304205309639
52.58493857122207
52.78236391214695
52.970770520904715
52.6318828750701
52.831531561054504
51.81385812020555
48.16714228659187
45.32207397688483
44.99099372585483
43.27629570497337
41.86367076838709
36.81891078611017
35.817073208289024
36.82762909776147
37.40856102144898
37.828656322002004
38.39078045746619
44.602126614584854
43.73307118998236
40.61546247040128
40.36291722290551
40.8588649981219
42.820928048956354
43.39477436478965
45.290687071716235
43.93753640231966
46.679914744296944
46.246937753712665
46.98593270129509
46.80210953737678
48.32382145090647
47.54711025200317
47.932234534199914
48.114971149040535
50.60782873938142
49.241461511413675
52.61737136006454
54.002555319587685
54.06711658725554
55.5777076871655
55.14362207224923
55.55806589306186
55.30428545833903
49.301416908632554
53.2329336932744
52.83488936849961
54.17039295586816
50.39773896467761
49.95864162834843
48.12482119940804
58.78030856075986
55.35386616277279
51.83733005193309
52.9835876142691
53.28450357186067
54.037216911324755
55.1094829565379
56.57886785274444
53.38084645649212
51.04201439626386
50.44092765783083
48.720519865443734
43.454141306935654
46.454698086559645
50.93711255417492
52.7042218707222
53.32432884248649
50.242445091490225
53.03900194758363
52.285208956432704
52.86146765395921
54.365428620367126
54.71685941298067
53.68865111847922
52.30555045005597
51.40869065839154
52.61713769417935
52.56587292424086
52.49671273874111
51.500565806076466
51.8974550009092
51.025081434999386
51.2503936315908
51.65041129608067
48.92930876116836
49.18566507145026
50.07661470065186
50.77134193832354
50.881441487559215
49.95873611031308
50.683465027353726
46.20549818263982
44.77646195338255
45.00562792543272
41.361106927875554
39.44942408967252
40.52079586634429
40.27300781028201
38.62359908638941
40.23122575091113
42.556856686087194
43.542134899235855
45.16214660313402
45.297569473075164
45.802368692102135
45.868322839858266
44.50815457035519
44.70941100564396
44.56887409685424
45.16859033573187
46.51327311461299
46.76715669827471
47.8227112646509
46.5316430009941
47.71854827721197
50.008772582422274
50.29522356330607
48.467472778535914
48.27372366513568
49.57529775745225
54.07192993425351
52.67036991841072
55.87710269112812
56.39409894880824
49.96418692506386
48.408738785309815
45.90023522069187
50.83143679354691
51.725650393548825
52.20122533923053
50.6473199271474
51.12078810692565
53.47722758538631
56.45399571065131
56.1818698471844
54.587925122110306
52.47137524530469
55.8667700625746
50.48524310470383
50.76953906577461
47.98754153775002
53.6110841824919
53.308322830731676
48.752704996070015
45.499155747057344
48.92085594408136
48.665214064134894
49.76186359526647
55.797118077584024
54.02032118627253
53.45233280229031
55.407998577861925
54.25088004319072
53.428098102188976
53.07117180543707
52.83207547618348
53.11620314580118
52.97056690691435
53.37680903568751
51.72008279801798
51.378532978403165
49.89308200014838
48.20459970278278
47.610808252910964
50.21143496450252
48.753655722318655
48.64393653680121
50.3293425111375
49.90266341248026
49.09939072716616
50.286307038520434
50.91023348208304
50.3528667373128
48.2580523280319
46.233125075489085
45.10238377114101
44.616926041969556
44.0226710624115
40.097149366139895
41.60247662202657
42.13581957506771
43.681891365756144
45.292185275747634
46.43040572055978
46.97883912038542
48.31652965446308
46.59030470183828
44.94381113490205
44.09520283257652
43.00384180096283
42.94286490090802
45.449763837044
48.27516286096624
48.41106428512841
49.452154644404175
49.76507198030606
53.50010560219653
49.53392809723488
50.31825999851278
50.7889122000558
48.60562642365317
49.23007861679193
48.827559480198644
49.38307229042068
51.451757179347304
51.38793233797218
52.21278203230876
49.154306276370704
46.517582221985045
47.825464610392835
47.96091549337317
51.61763655745772
52.21509257036673
51.71308294554554
51.913615285997196
54.04907545829768
47.435276407821014
55.80759676508229
57.476716067982466
52.64064474311659
51.944353702092165
47.4060149956019
51.00443036095799
53.269133458024164
51.95793395728304
51.259824993516744
45.24083612132175
48.00219012577564
48.666082738295984
48.921543270914135
50.99378345553211
51.588131513068255
53.521145626352634
53.03990181966252
53.38835057835446
53.20528251515449
53.179846521287814
53.407277984554675
53.308078119247874
53.15030332428292
52.709083856123556
52.917477675636015
51.86342137911033
51.4039503175374
50.06048919506125
47.92998755105697
48.998954471177896
49.660990883796046
50.673174917563955
51.62088098385499
51.39071141789805
51.43936818678311
49.921663312436344
49.64083598148234
50.08907049979972
50.34737288221212
48.84915454420509
47.50552771531951
47.4318518622785
47.46583307640225
46.64334217360921
45.46282076836053
43.81938595535029
46.531326337120575
46.293998160372546
48.52802873463101
47.531878840400694
46.53309157573826
47.13770128680171
48.02876299146518
45.19193979886665
44.06087477329585
42.510830824120816
43.10422771955784
44.19607910139637
45.502540833458326
48.20171428815853
51.31074825077673
50.20748103147574
50.69704578215084
49.294722484198104
50.38480788460074
52.31181255428187
53.32504941589309
51.46984316606222
52.413022731418195
50.80609238490483
51.04669677577831
48.194979505697596
43.47675629290787
46.40122419664143
50.32957846281106
53.12658332987463
50.30527437582512
50.6553628726812
51.63380204542956
46.242179713720056
56.123293801702104
53.651023095424726
52.98237326044116
45.89964944335667
51.60543894554516
43.174484062061836
50.35191820234233
50.17284815691138
49.12417452827888
49.49176576831757
50.06284735873319
49.95705903460953
50.27771436105872
51.05862427792429
51.763708341522715
53.43010663916625
52.67412253034019
47.046163165705124
54.355384022780804
54.54368867912415
52.14901435227951
52.649727477633114
53.37255918135784
53.52152101163156
53.31399246215172
52.795772056498
52.8024619279194
52.60002489363722
50.67082807579256
50.11827043056547
48.342885156621705
45.022316863312426
47.331609089849394
48.79119440203337
48.15592988517479
52.60309269548191
51.04228887658698
51.518026262398266
49.52996948546453
49.59205844510097
49.79558083023688
49.96113635450046
49.468186319681955
49.16115194386617
49.98650204979682
48.45885535481502
48.02569176237646
46.7479715331647
45.870259050971555
46.82242779715811
48.964571407818035
49.30107570326724
49.537453577771785
48.79890132569875
48.845162267349856
46.07780112612653
43.18676966288032
42.30479078041603
41.644444523181086
42.80703100795599
47.23667469728464
50.839222753956
52.520589094289335
52.701582734507284
48.9336721243305
49.170472324733396
52.62913252498965
52.73744393118254
51.2952052616366
48.98822184621322
47.166197652647064
47.000721724869116
47.4416870918838
50.174770317944166
51.35176387338247
51.71986813589808
51.52338384315743
50.06841142418372
51.734288369367526
49.38491315022342
53.86306979697059
56.102382891091956
52.374761641042156
49.94496433096698
45.25806590775525
53.2284213634731
49.164608688636044
48.027564967393204
40.884000899734566
49.09751043562527
50.953005738843764
51.90355204381543
53.28629488345768
53.19112079737421
50.78860596279652
51.04009429744322
50.907875981546745
52.117257973947986
51.38953984140686
51.97041328223039
52.17791303175085
55.416280011516285
54.4193783754899
53.62664827439855
54.438395826833705
52.01771258385301
52.787812349707686
53.54691761839846
53.72508262034208
52.52869334731933
52.83928010394973
52.5783469976443
52.89668725877207
51.63803229004582
49.218293124933865
47.686200195279774
48.31489493786302
47.371759067283314
49.248964907344856
49.40099294496627
51.9393151308506
52.3399469671054
50.36000984082475
50.00542800077899
49.97481319352866
50.35895729130271
51.35719477703697
50.30795976797635
51.260586885293215
50.383615536319034
49.65261310623407
47.54065906811606
47.313560792942035
48.99861594897931
47.36924995675429
48.99231568001471
49.17282901135535
49.92204643301124
46.21461013431163
41.41711655344131
41.07900933200185
43.4137216524932
43.57497132425785
42.81652261749983
46.058090906840334
51.95138743712862
49.251127639427686
49.22542597750078
52.941913032935275
53.2830462990211
51.984252944347084
52.211654799990065
51.07090256628492
50.871766606703765
50.29539407373029
49.99246459807125
50.11250070858566
51.72652629444019
51.81991103162891
52.282759441011514
52.15530787297782
47.41571115907175
50.494219795846874
48.02731874038393
47.81951058906373
53.034634350098656
49.906550177544986
52.70502256360273
52.74358435849739
53.1863431501853
52.03965408124217
51.77825163945597
52.03619266760778
53.02750902286059
52.467041726363746
51.96724950665711
54.33934250518045
52.951416745394596
54.25538819351467
53.505514108828656
51.965026288062475
52.61886995478683
53.37912290709917
53.28986720290742
53.039625510624525
51.72252704974618
51.95960358702149
52.72356467772026
47.86650942785015
44.66014100584604
47.98616075667898
48.56606093092616
50.50338835417675
51.37521810939577
51.28397392200659
51.10326423416154
50.293735248369764
49.016118841896585
50.56262005394006
51.157752888784245
52.08757773061435
52.28997921171479
51.418941238243406
51.43705986591564
51.08425042222588
49.75481551301004
49.202496637572466
49.00394122221093
47.994750932593206
48.13148496726189
47.894623992563226
47.42623266091586
43.791596939066864
41.433176854982776
42.81714243857522
44.56561691527962
44.56014121883961
45.47408662537426
51.10489989657362
49.883404201492546
47.33344148478932
51.21940210757335
54.60570971540391
53.244066925461084
53.494716743853765
53.010167816350666
51.966677535273554
51.47171765349843
51.69384485297702
52.7589569389962
52.039119260614925
44.524313439596995
49.18751705865773
46.842474511563665
47.643208582053425
46.08791673014386
50.998649514598746
53.768719668429746
53.76633439512797
53.89929557474186
54.44487550051636
54.092656895485106
54.05362285960914
54.26927061968582
51.391423486178205
51.525785522647226
52.32243138919149
52.43422638760356
52.30451547078321
52.709557436269684
54.06534844832458
53.8101878932595
52.58345171420136
51.9128803183393
49.81034847825328
52.05931528406289
52.36153863416991
49.69230765989284
53.15939483574937
52.52080346532134
52.65105675175824
51.593203144597766
51.45951436484524
52.28302075357855
50.95774112387097
51.38911456589084
51.95240128661199
51.89774557108202
49.84032449166456
48.8936618604776
49.35153525263658
47.341348796648425
48.0979409201625
49.50537068269964
51.331022879916894
51.55871399492328
50.96455654442389
51.66580882572409
51.61632341831981
49.900914233910626
47.67105247762409
44.98417282777059
49.20415396993148
49.374877894974716
48.26630804015964
46.74693715246716
46.18420964997843
38.28167019354876
34.10380539324035
40.213635684539526
46.98492298253083
46.464534666851
49.448942072633585
47.17138686212319
45.35871654862999
46.11228465430905
47.752914663111156
53.67145009098517
52.9206810045517
53.19678088191987
52.15500509412051
51.93715619608868
48.52631905641643
49.15119967422894
49.89398491435616
49.85583794802181
53.08064940050842
49.050746427228155
51.9699994752653
41.59590398829688
46.783395749599805
52.83397256492031
53.14063968709106
52.21898549068037
53.19833399929336
52.96934855532246
51.46775806347959
51.71977715555744
52.70405938889146
52.836350723314595
51.476821772626195
51.274274398769364
51.18476032892304
51.79218586180167
53.14923338124778
53.72566705431839
51.91425935234755
50.09138062782086
51.680842747283734
50.344855388441246
51.8161789104293
52.09224349847638
52.82147435965361
51.69647091970826
53.40618729124508
53.87558763076211
53.138285753731104
52.21999615209113
52.32981764417916
51.6081638381778
50.41456860719094
50.793913823711875
51.38219416235668
49.65354598776747
48.93011113012931
48.3537363017269
49.99300657433099
50.05219368739326
51.51204599838749
52.54496614640731
52.262522020904086
51.71432776412233
53.09259263421415
52.00815040979924
49.137588460735635
47.34382109471129
43.4052746889206
47.25368781361058
47.685830680545735
47.635031483126134
47.11666716478564
45.42567038852813
41.40609080074699
38.18463896330882
43.0145903605185
44.76105628452432
47.6859612480799
47.05388771674273
47.961158797117406
51.681394042832935
52.624716312884935
53.59300774332703
52.459357273808536
52.832967763567154
50.51584702753823
48.94828158488294
45.562577630832756
45.799250676044146
49.867436762833805
54.4467865503516
59.82753532727842
58.69170538375854
53.37916336230674
48.86912284620592
51.069726341381894
45.954631911068205
46.50719306928605
45.346324551554915
48.310677589288545
50.21478553651243
51.22532834583939
52.027940698187756
51.44589843541028
52.0535722661412
51.91107793708825
49.80697745217916
50.35605190797459
52.95600520719716
52.09658366409279
50.91966003397589
49.89328473477013
51.51719244285601
51.75477855831202
52.340304799160265
52.510911108281334
52.42103590118283
50.255628624349136
52.120170929515325
51.85981051996434
52.15704826695803
52.0726884022798
51.62524096054412
52.208608338252475
52.414558019889526
52.52119056295934
51.544183882678986
50.87451736200904
51.60841818901415
50.0388972343326
49.13040338693706
49.58920556741132
49.91987849378539
50.492825107556456
49.83736452391774
50.3060411334039
49.34568760069885
52.226000769304875
54.1117720514369
53.087632273436206
52.07100853348129
51.38219909783401
51.51420326002531
49.97578911297765
44.763611890648924
44.23569569152868
45.761010871477836
46.09271109084211
45.286221228790154
45.550073536839115
45.73334602784837
43.69191356333877
42.667469130195215
42.756814530059415
43.97782573728444
46.4008951672659
50.315698233815255
49.80998181414381
48.36497511082901
50.981679361066895
48.09832803854278
49.78260573612373
51.844439128847085
52.0568098774528
58.275791126754704
53.372647348761355
49.59370171671192
39.647227790738185
41.176848399577246
43.07974099508931
44.375334971375594
46.40028118687785
49.197137186655354
50.0919023847505
51.18474722222749
51.207960669627916
50.96586447919836
50.06759638520878
50.76271741621905
51.240162732612546
51.819274685943604
52.40237982479058
54.503087228243295
53.95841019871841
52.39985474311109
51.81238476725546
51.11694474417489
53.01124007022422
56.53501521053635
55.74609910542297
55.50839466422376
55.551829397365815
51.19568004836364
51.87335235863817
51.58566413605953
50.17184479890195
51.829319052511735
51.038235338803474
51.76541131213386
51.336337837672325
48.08320632242374
47.680119008557284
48.531271380881655
50.89340113985495
50.75373274417638
48.81735386539432
49.2634491149586
49.281014898088436
48.62010006723506
48.04677387904355
47.51348242410674
50.09271249594302
51.564062310752924
51.97607835239894
50.43349256079242
49.84871805763998
48.28799835866258
48.31354148678346
43.38445958113173
40.77192917453809
43.79957247891369
46.70267366082604
46.13203673417171
45.72280373171584
46.22352279963842
44.47913422351158
42.54436383614236
41.64993224536249
44.972230359175406
49.81010237074855
49.794935158118356
49.619102836622794
49.378743435425484
50.298039929888375
50.75069966355192
49.7769776413429
50.28563887878264
47.834187214249575
