20.408546313237053
18.201135349698667
21.3719029817775
21.004778343906114
19.58342657450622
18.752720734352696
14.129625380615863
22.77954121531715
21.786220494629482
20.190809168071883
19.60430345976472
23.235539107264533
21.6505585629291
21.821337611864458
19.260568925750682
19.258007173562945
18.963359206248562
16.60039636081753
23.91526505793331
21.476197048108517
25.132418457363755
22.834138710390018
20.27371618788209
14.97940562038537
19.84821173393748
20.887248744727447
21.76690190803084
26.333140860070515
27.5280204074515
22.700930967911905
17.268772253960968
15.677299077342292
19.622226580716195
12.302590247903671
20.820195918980524
22.56653385752523
19.70655129798987
22.44389183773707
25.405454863457877
21.180119324555744
18.92521855134052
12.868263733565518
20.66452314956598
12.85292019031338
13.3652904159743
14.249805858378405
20.18600849199167
19.51449704478347
17.568871559285586
22.770717755843698
22.570137996741824
13.15579738583996
13.282086624800874
21.893240814224452
19.44834119542656
18.688590461463217
22.877958083935525
13.033349667443092
13.369660959656233
21.68925383115125
15.855922312932599
16.952041395820192
17.528717506351885
11.721833866539713
18.262879949169186
14.731021070302061
14.175730250429487
13.082503743065354
14.973740024875486
15.503158939144043
14.292848020937733
14.315628030809968
14.865069713317128
15.405977669718592
15.86852104443515
32.71088542910225
30.81649101922624
14.18265592415772
15.021770000730001
15.577005446644572
12.660214712259224
14.718485015206436
32.78809629339407
32.24148509008952
28.322430234009556
29.166025377019977
17.686083526957805
20.144255780344025
21.447157984047713
34.35561705215018
33.51794460938926
33.202762942559616
35.457142366830645
21.872180012290254
22.60672590340092
22.437884401392814
24.445353861064937
33.79410506366821
33.51043987635515
32.8649802058983
37.73549190831532
22.90520549080801
23.521288133186538
23.94377172148627
25.794235568900426
29.33512886955314
28.526456827646847
32.928840298226774
40.30198956313373
33.397726890580685
33.887024550271235
34.94124367707513
37.20781971952647
25.07748421237008
25.29217201739427
24.966007310060615
29.641727846146026
30.479363631787958
29.305916534315905
29.103763242493994
28.284548765189996
28.077597124431875
31.043017973522076
31.926420653417367
22.975077078392307
31.936231823889838
30.726366773743653
29.476777445780435
30.987970173634118
31.934996834563847
32.34400104896716
30.107574675603292
29.929354042715964
30.753026492175394
30.638830316092747
28.588763944858634
26.91281155310428
25.970822726657367
22.356874525496917
25.349905105053328
27.729681013934528
28.431726832063834
31.038404491657378
33.457053069298944
32.677707276123314
30.62934702582645
30.594023906948298
30.929105852153246
29.71392795120238
30.762531626630356
29.92464307647472
29.420297497950312
28.283654924267047
27.350661489182453
26.19875666114269
24.811326190096636
27.028866215865005
30.194156332255528
32.08702277607301
33.87864784844449
33.173017385053804
32.29813621961398
32.518593120098885
33.59263055060725
34.505977256913596
32.88030993114244
29.99187788724075
28.463022055608707
26.077864359231118
26.219910471892238
27.5688814538317
27.93041104575351
26.743271117358617
26.719074093133774
26.243427297300833
26.83907104574177
34.070058687641165
30.178910870446558
33.44362905795203
35.65709713628146
34.84222209606358
35.55133764625419
31.52039454222742
32.091095951029125
33.22462448761362
34.24249851181634
33.61798771130346
29.630503298579622
27.187754328600203
27.23298665930217
28.838792077580106
26.3396918165598
26.551171623998812
28.063538509856375
28.32242799480524
33.16950620995048
31.87344778366354
28.67810809699297
30.115629170196197
28.85966395375795
37.86879429309242
38.58943095319131
36.69746546954432
35.79176481020929
33.005507011540054
29.23722958523108
26.635028590581864
23.90071658360999
32.83103858084295
32.50827730182422
34.25059805243745
34.253578929888924
30.946684278178
31.881798424721406
35.157327671839276
37.1754150571263
39.069213406061785
38.78842651159428
35.94004283355361
34.37518894329406
36.523170940620446
32.795210658235916
32.658821040002074
32.61414239064322
31.530896114255842
32.26742057051456
29.78648016828367
28.434249837810814
30.76760299703398
30.858137538263016
28.436826583549287
26.731990298984428
27.65719637676201
28.30438301662286
34.169413376380945
34.116395105833334
28.988294076511217
26.599776001861073
26.662496366868687
40.127012893814765
36.51318072874322
34.372268198226244
34.52796344212398
26.117017929279772
25.440832054126922
25.119625778861092
28.29855030354857
30.264574661965547
29.63943264433648
32.25114838159728
33.97006098937733
35.334719132822165
37.08532959252615
35.515623426472075
35.782546058732
35.40828158131586
34.87473193820974
35.173007155255405
38.43293432334254
36.944561986651514
34.161440309331766
32.16233500007653
30.224388643255786
25.67321657622793
28.016222176069274
32.26329251510926
34.187165916510175
36.36412273211484
36.78117869089991
35.67313031914625
35.53479936855214
36.00241903052125
31.49194714896622
31.885804418302747
32.47971188282576
31.866653734290875
29.458745974366177
25.71879200262834
29.226070686335483
32.055774950207926
29.055890320846174
34.948899265092116
34.08926222889558
29.43296318749684
19.22497455056691
24.228951518330494
28.475370614913775
23.622057764673865
30.536772919233517
33.39646491631478
29.613491383535838
26.584351635429734
25.418256271136986
22.92994776630676
37.1264278235961
35.62257909029437
34.51920735790443
38.064430956324145
36.0608506006236
27.884937498524394
27.534228369808407
26.989382678634705
30.285099195608165
29.895027332601657
28.93231142463663
30.398656648717086
31.597688120634253
33.91196523597986
35.67490212766443
34.44907834373539
34.18192650253906
33.64526438238649
34.40471214537984
33.95998426888528
35.48030646564362
35.758362836341064
37.843081994037725
35.95949302560657
35.448750934536164
32.88789293611853
33.96393123685095
34.34177728341555
32.24538297596577
36.23767359032842
33.198799750764756
32.64535642681646
37.09051716970705
39.879708214470284
39.08239093703917
33.32433274189739
33.30343309377401
33.635649074751385
33.546267541112336
32.17418858332317
31.312351716217105
31.635332254404577
32.15063107611131
34.70765428214787
35.19068977932098
34.922751984903
30.717297279601155
26.235040875986282
26.957573730835477
25.29757421479966
26.875361708193104
28.12429484420545
25.476981748848182
25.37678686141009
20.993946647126293
20.614610175191366
19.834721975156302
22.180966828985746
27.547135288067746
42.83524883980194
38.68079983543229
36.881908257697724
35.005331241095526
32.37747698489124
31.07153701207967
28.61613479574168
29.801746472334184
28.815537131912876
26.020642044023866
26.772662417250096
30.010040275462526
32.45201145366697
33.52721570659052
32.674244458260624
33.58608308098059
33.69145300709192
32.77748153280917
34.72194146770358
33.61540737446911
32.441040939090165
34.57289328715496
36.20934784403108
37.23224220397166
36.01555052026983
36.862910358160256
36.37664405189043
35.34846031955844
35.57679395248868
34.50965319476168
36.03460447907471
40.57425586823466
43.14338510952824
41.14009397025734
38.60928630026197
36.980803677040626
35.865046112618884
36.22399321299404
36.20132279720993
34.32949683015129
33.42076361236075
33.60521566428059
33.375864188486645
34.467290800230245
30.03143031801368
33.03088535563214
32.34677134526955
32.056195935640126
26.956203841464397
23.85432163097602
21.109544005520885
21.25840040665089
20.788577832562666
19.06648796022751
21.224878607189417
20.753299613906755
36.75898369336622
36.71268672192465
36.4253295232581
35.63703366003906
36.12523086788591
31.04362899458007
30.96147019276075
30.351441551213007
29.17625938449681
31.297082270521344
32.60740899601879
30.994054180229277
30.23596846163542
29.063070700878367
31.816018367258803
31.561993601156967
33.44315543136545
32.99565566599823
33.080261962562446
34.33258815675114
35.661093592822894
33.584919662019686
35.27542156774423
36.20002673052801
38.57156026006647
37.818315146971536
38.46792755272396
40.022089184130536
42.697143656214465
45.05122955470411
45.8413610722567
46.58167298045281
45.61109781912805
45.653930960398064
44.78999403788696
41.99917578596275
39.94480889534623
37.703932770918605
36.63946786107024
36.58278639410857
35.29841576930981
34.51250362650792
34.131056702958475
32.17481251740078
32.2365006466804
33.064125899088204
30.682096752589636
30.692160540801293
30.240766394552875
29.316183852425933
23.3767912871462
22.217530872929782
21.917328167056013
19.540592707113046
19.68728276731915
19.01014868556804
20.412670361375746
22.310014196481852
26.588353726596885
34.726835789666126
35.71776515315922
35.93463317388226
37.53015031631524
38.50425712770666
38.066717913845494
38.33216187234194
37.27722465082789
32.7579856459686
36.0533987482932
33.70609866371271
30.518314097628643
31.193543225906815
30.80010613979058
30.135487320799633
30.974068714140103
29.673972272604306
28.970433190454187
28.952269117187747
30.63118522347623
31.909311392609986
35.1634175122013
33.432727525108724
32.721710829777095
32.92292603551043
33.731347847058174
36.224727555953585
36.66454691122876
36.92090417828403
38.73129456545581
39.62713681729251
38.67914448854323
38.65736262410999
37.551068779692464
39.443105496391254
40.35416111584751
42.17174049117768
43.92543323242007
45.47746246923788
44.357026302504366
44.54068080407171
45.54999800346939
43.79311203356826
42.744927507779074
39.7362439132995
40.15807693598749
36.08484580354089
35.7989006557792
34.59030110864129
33.63704354837604
31.940284411227154
30.26667799719253
29.305523903379065
29.954037110178053
28.33712817421858
26.565921622491498
24.899023583098618
24.256254222142942
24.880914454248693
25.517847398478693
26.162484458893694
28.865187131203704
29.712748461093106
35.6999253141192
38.002183884987424
40.50933131301712
39.451609490755814
37.034824027064516
38.182243099831446
38.07108866506844
38.91764119257615
40.59517394695602
40.41680242117053
32.57484969114288
32.83615229651097
32.73860431592107
31.620391179895066
31.00042680475608
31.44285576744155
34.017337846902
32.93859178138944
31.327293443691907
32.25028207742635
31.791434424202027
32.06174475552022
32.88335788706979
31.077674783842582
31.13872050030187
34.100590713404436
35.672667486605874
35.612157147232885
33.23696262247473
34.5334817271108
35.85926319853957
38.597240054113904
38.714053826904625
38.68358579264282
38.21413135625019
40.391711612557714
41.52889073022448
40.89879262427771
36.5865169271631
37.6417448899403
39.17415585523427
40.50117885912345
41.54350576597744
43.82573726761304
43.77372365651862
43.900230836642336
43.46003849281952
42.111401030891166
41.195983390018384
40.77917356040878
39.59462827076251
39.811014860120224
40.93273031737354
39.35489777784211
39.45055889665079
39.896393452565285
38.02930099719316
35.44946363718984
33.42300772499993
33.865154021611396
31.219016997149026
31.752284503851875
32.38580577213138
30.117611598610313
23.083356305431035
24.494524109895522
26.621693649401596
29.712667597236308
28.230650727482484
27.648545360945096
27.338737239014417
27.4098104484213
32.11339009739023
33.708735750091364
29.908886024922566
31.580214018446753
31.068872809850895
31.713584553801745
34.0655955898499
35.9685181862374
37.38963941098984
38.07252243803044
37.232852990032676
35.36855564461322
36.01128093525627
38.54785642847097
37.18522188269865
41.02957755633389
41.743480365263004
43.84210882193321
33.53938189701245
32.23078456238823
32.68708482358083
32.82125887192785
32.72135713719084
33.21638675640792
32.929449764041706
33.10153652309238
31.01553771750493
31.231826353584058
31.10984934628169
32.80538898393337
30.869706584591288
31.537068310824903
32.090133371518334
31.606819450918458
36.15144350366964
36.63720024715832
37.671356054233094
35.66328240249227
37.51537748904213
38.01851121639441
39.23789326776317
40.474442162369975
40.90984396485239
42.51195004157579
40.8041506720429
40.012221637683616
39.80434991115623
37.11272142267699
36.80717960078172
36.70537019184043
38.70366288117665
41.65612073232643
42.22496851942147
42.02331147420201
41.622618430264424
40.277405232561364
39.42889152230071
40.52673497147632
41.39479386588834
39.80693871417935
41.480136889239056
41.97939216344478
39.19336823150628
38.1905839189113
25.240303289673907
30.42262933322821
30.80527627607749
32.62072050710523
30.159120757342485
25.952189797850902
27.00008458323147
30.941116097418373
34.75582796969114
30.688142692386986
26.587526117135212
27.788573468861497
29.68852925260588
34.548996869234024
30.17559762247869
29.586844800579033
29.098234262615186
29.993719932688887
35.4934474552721
34.127166838128126
34.248231998212106
34.801827297091414
37.05977788427082
36.55125777625217
35.09656760097696
35.58452826193237
35.650396335291674
35.38119893434941
34.96009538627854
34.5262456826324
34.67488810208367
35.8412504063846
39.866335735683364
42.200407212267514
44.431906899705105
44.28063001269327
43.05449406273962
31.202340995652996
35.01098047043128
33.498062766975856
32.483795925548556
31.75310847972272
35.91196795900624
35.111382096483894
34.215488389893245
33.53345291183654
35.13008405001454
37.15338742816985
33.65510050438036
31.378625509128344
30.520024604225558
30.859349352072147
31.316884986547112
31.82585970725059
31.736363707287104
32.661062850670184
34.06210721515937
34.95309725993846
35.92319526252826
35.695779301936355
35.236185261118294
34.35154482535966
35.23291600172142
41.31279254931464
43.053716350216845
40.40460364889216
41.03383010658219
40.93179340802829
40.04542725098605
41.988709447870846
38.55932233629158
38.05058148365215
41.78731873536953
42.65779105366889
42.59710281269157
41.269293430796296
41.14321168605467
41.176765345732086
41.14631439442117
41.00949662407305
43.099362220339565
44.93361056170207
43.94176983073587
42.83928950236803
42.553629387818525
41.62213903499766
37.97912519546498
32.947175470101776
31.419550377713147
33.72880020416105
30.59430688271176
24.405368399626
28.52440467566211
28.81955288010218
27.35860754807905
26.511703098871973
26.49371774549272
27.560530738087564
30.69503599402158
31.211235857294334
27.594408364113583
28.590078704705952
33.03769213014192
36.969605026119865
32.71472297924771
28.850488986483338
27.07900209211558
27.029678653562243
30.098770969219558
31.004780097470917
33.954846234921305
33.15070080883119
33.0951664045647
33.88701290331551
34.374487283729806
36.62411279682625
32.695430415133856
33.999637639823185
33.09324098684055
33.78733446343877
33.07202020158194
34.3477632466019
34.06771200011131
38.856248804036404
41.96820987612752
40.75108079573909
37.62406941970486
37.118480353899685
38.96707557101395
36.151729994277176
36.1559319882506
38.94045541508754
39.784478962435905
36.81160663831186
41.78277314605873
41.690202533593066
40.16742385418963
38.24697208462271
34.16742717011752
34.92619592330392
36.54577491170876
32.385049769170905
30.18066742394151
29.73229467232983
30.15170763514842
34.519628578886085
36.89145751362182
35.87992289219677
32.59284255442751
30.49298521725701
32.52364457482832
32.36284650324519
37.45425780331259
39.509026437646604
40.84528450013932
39.358434467996865
39.37882685492906
39.838775233044046
40.544480112469564
41.09121795199994
40.41431105555417
40.686761482072896
42.26545692766696
42.29719166294819
41.6217646753505
40.90594899107129
40.449089226744675
39.90977032491524
41.12183774011393
43.68045595692645
42.46986890168235
40.57690191453895
41.61555468406995
41.65002728465684
40.43565396556264
38.0064998105245
41.45063634468209
39.76028084856582
33.15214947977188
31.078516877084517
33.59691048318137
29.452422332642797
24.405261018126488
23.989412031297633
25.722696904021934
27.65982962524888
27.942443427731707
28.15308371108321
30.185223426928168
31.09824762091529
30.289763340181405
30.66332661622651
26.506203424567023
29.46185464443898
28.901649689126717
24.847408126479717
25.190486080776616
23.55070951341927
25.57329617129715
30.062527321924673
32.55586486569978
33.5649344889537
34.540421615986894
35.96050254682134
36.97510506015244
35.67418240198598
35.22336436187572
31.952587386046286
32.949818146988505
34.527900084313906
36.1165935744285
35.49495186599065
36.60805052555846
40.525784294043106
39.85119954709459
39.85897490151696
39.79666945995674
37.114589414694485
35.085841708315385
32.776241381041416
32.98795910836276
34.22065143768562
43.65068461511432
41.878566659691266
43.1974240907096
45.044979210668444
45.717143406962535
42.343033253784355
39.4209593834175
37.254853934825825
41.52662210370244
40.47334791552978
33.460171648689325
29.84617096337973
28.84262229470814
28.794803153188
36.25584643579559
36.48660752757727
35.181046210674396
34.46657956245635
31.9098861234706
30.3564977037158
29.77538917196778
39.1890845330706
40.018840818768446
37.67228834816902
38.225472582254824
39.68252019524108
39.67104882380936
41.0556361081565
41.261238548398346
41.59855278279555
37.73607406065661
38.90042354277662
40.492672868625036
42.5888816145051
40.58555003091792
38.68827198241763
39.69786040980429
40.9292604403186
39.68201092683748
37.1517931503371
35.687069833234325
36.45159892353059
30.05817421603738
23.764088611051164
22.600712247026046
27.265493324445554
28.53895206351742
29.21821846687593
32.27156754609087
31.88066757743444
32.36182428451976
31.156539611774086
30.15805970028751
27.332417469778004
28.856238928751196
24.190019786539423
22.46900981468324
21.656680735464565
20.89146305924761
25.513516637145482
27.848418735549224
31.316841895413862
35.52949781200611
35.204714228885834
36.63165568704054
37.96426589645406
35.45158021937397
31.974311752362805
32.56200210719542
31.830949101031578
35.652448082215834
36.61201805956214
37.03536574022666
37.01567274899294
37.74678520624213
37.539719040121064
34.68234519512097
36.501019962808634
37.641195693497494
36.370670455437875
35.849922698518526
31.56727028705813
32.61512267398987
39.709428889230296
37.270417598824714
43.260777433700895
40.97454820838578
40.92929483301317
41.975206326065916
42.856932715815496
43.00291243853541
37.767629972260124
48.439041388407524
47.45464962808679
41.93104211033615
33.8121035605138
34.26047625846453
37.7226996352777
32.23413798654384
30.290886002647447
29.460193776857427
28.368310616769083
33.281870982869144
34.114798454545166
30.288882584756713
30.861068491643636
29.434239806182607
33.687543359033036
35.955362069096424
35.872026836782
36.91371354222454
29.592883873695836
38.46370868332452
37.07803931585711
40.7308368639948
39.687025306945436
41.099681062163825
41.505308274307794
44.131310339655464
42.03582727850288
43.574244517349314
41.48644028414867
41.92396306242131
40.92514199028121
38.15508869683725
37.795342873085666
38.551454734343395
40.4736436464076
38.2718556928194
31.999637560381
29.164459321380658
30.81079277335543
31.67202927243032
32.43668343521394
36.27619665807986
34.981569591222296
33.45506127649099
34.02501968148881
33.12268399904451
30.18993791459293
31.220718143620545
31.162383800713407
26.204410663163127
26.61453233541626
26.499783195469263
27.10198964000408
28.941158630330097
32.53997618608414
34.62616891679037
35.79201918068277
37.50682521177765
39.42238801235385
33.987616898835455
33.075493092330966
31.305078107137728
33.680516001126875
35.15813124686013
38.00596021402192
35.80779900570925
36.01503246805698
35.974504965644485
37.283474307683306
34.0113959370425
31.035815860435083
31.31596629917976
33.581109412654804
35.035415993245294
31.718241059630024
31.676261403507645
33.73696841164439
44.96690331738403
45.18591545420066
43.41114195748822
47.219568262740175
42.25189219092825
41.59148968839632
44.36491362155565
43.04811775675213
40.3018647966961
40.18999697478198
41.47848345897793
44.37240727887302
42.940064924269805
45.93860557584252
42.25061263323882
40.78429794173673
34.75128887756258
39.47641678929532
39.14951406588735
30.197327340415125
32.34643006951967
30.53371284424507
31.28166400006888
31.735107004658946
34.370892675489685
35.22644358016636
36.604498060779314
35.75651268796532
36.26833053358964
35.738709890451155
35.652871242755914
39.02235291673708
40.788249613973996
39.568157755779495
40.84068323749315
42.43007496078726
43.57322147034687
42.48205857055835
41.79324589462965
42.88456277268787
43.13441717701031
39.27223621084452
38.43147739873537
39.27670454468879
40.98680557536629
39.980699995084755
38.61367799569308
42.961743049290746
44.635522858629464
39.00829634310064
38.15144241836
36.54703842881237
40.44853170901117
35.703232451953824
38.81757991053066
35.07092395903141
34.103518862538664
35.76766745469875
34.512584027132064
33.66009232199275
32.633502063779765
31.514419655998932
29.564473542653158
31.102948026736804
30.15044710902852
31.37088160742668
30.747911128348072
33.25607312486849
33.630423574574785
34.93337752819296
33.845741020724645
35.21582521452972
36.784344916209314
36.478462843809154
30.72118048247009
29.707969649830094
33.81506243458143
28.84112870509165
32.544753096256564
36.784689001232124
36.96502157936132
37.8933947781768
34.10555856701548
34.725666050315596
35.56574344166427
33.823762416139715
35.25936568239116
30.321093358271483
30.48654423966527
38.34883226981712
45.55744195161524
41.05133975316181
45.51217371794189
46.503193867539494
45.338034720636244
44.49710440393038
47.15565721655536
46.05533356251673
46.594870951337036
47.544374444209524
45.72180157861834
47.80788759442801
40.593117179727585
35.80735916924916
37.35864483901324
40.60205797910835
40.249781589305904
29.49484155571047
31.016730445068372
29.59438596690642
33.09541973144642
32.45997225137745
33.698666212818715
33.000209988680425
38.32916680170444
37.178065431688616
36.36535722559625
38.045136900997775
38.85930855144161
37.45165326291516
34.549204257439925
41.84030260726115
40.43999666689941
35.60548504403808
38.28129458955994
38.88397211374648
39.53438392761469
42.69262090692392
41.63736141306006
40.99902166907788
43.07526125900573
42.50056462086092
42.258061227373595
40.64251700064334
39.477693070661964
40.0580333994639
40.56990038973988
40.52919641053983
38.336827915997304
39.6853415288506
45.72184519680732
46.009982151912766
40.29078596843446
37.663783341120194
36.71097047056189
36.82816054119148
38.7723705011754
37.71949046632523
34.87827214368412
32.90492255794199
31.049122012030207
29.428024333251393
30.19352846097981
33.54166087461378
31.86629684759852
33.09216429474326
34.402768495866496
33.21189509777229
32.759568233595125
34.946293784158655
37.20416095316306
36.0160334194918
36.46684309377095
36.93839447418394
38.585637224612654
33.6903580685871
30.70132020417644
29.826708283175197
28.031030693508928
30.510638251648306
31.094581498720338
36.39608598460262
37.96127761599968
33.293327344944075
36.03830358607174
35.59391743315382
35.55929299456544
37.55888838306479
35.649597445815104
33.43938561811806
32.887396826229136
33.43680017297642
40.8515256442563
38.77819535141442
40.0237677925399
32.92924147332612
29.442798117775087
35.12183270947645
48.643394275370056
43.36484321480645
42.747309096374906
45.49464055967425
46.65741938290779
46.33961571213494
44.113191173593954
46.0525405566236
49.98596999140597
48.28981587667825
50.23396845235668
49.08673777570938
41.12193520278315
40.734052197915545
41.20852345788039
38.04685844907411
37.012850963030026
42.81649459201464
29.89494895067461
32.2639532598124
33.20915528808502
31.24061666465683
33.17864388009417
38.43073190083942
38.76504965817283
37.889288425925955
40.77465900644289
41.60054641983287
40.13962837062982
37.53455394752881
38.262252927444024
38.08296448513589
37.71550013754742
36.05413516114367
34.03177153033365
35.96774948666779
38.149144771906315
38.826214228155244
39.32287317818458
39.58053359839725
43.584130006030186
42.158719138866054
41.32737223675848
40.333884482318645
41.54822231496969
38.927924179996005
38.69740098699178
39.43280544677101
42.943544748212226
43.95386389081963
45.15588188725243
40.44567629559227
40.577754969771995
44.39845473692989
40.79416059545246
36.83559207946504
36.34616986046671
33.90529326349214
23.606358825302102
24.349881865943185
28.797822211058076
31.693765900440876
33.05696851110207
33.09429071326591
34.145716548922714
35.680668141621844
37.79904700294357
38.59072450138955
39.97337694806034
39.64418134157353
38.35982976793478
36.878224593096824
38.06712354030844
38.52918711724931
39.305743007674586
35.41526327469145
32.08904088300554
32.79410150640935
31.370493705144764
32.81135871460573
35.04849591746477
35.1589099874285
37.528549653695165
38.29923175004268
34.79756567726825
34.55894636197759
32.11119106536837
34.83675941377288
36.88427246355149
37.584967274317606
36.79916676927648
30.72117434196774
30.77879823353579
45.77610414125065
43.0647784577814
44.385232790616584
45.95752836470735
46.29035919158953
46.796177029811496
45.81251561523695
48.08189668228324
52.37419829380324
47.45977235223425
46.15102046094881
49.38806637804564
45.51139716118829
44.072514293714576
42.071313125814
36.53096511202671
35.17850179979858
39.98354741322727
30.52106612889912
32.96387343706989
33.23929665096839
32.859075190506466
36.94321008200674
39.18152277501023
40.263648750769896
41.0589423550066
41.581451557831365
42.77896447828477
42.600926505300016
42.03343859833042
39.96530521695875
37.683014121218335
36.28199564771619
36.48751058366515
37.30672190698923
35.08569308371802
33.57521452954297
38.492315848074504
37.618158758968036
38.06932242087276
36.041621566271154
38.57687012995572
35.052437211725604
36.06561217000296
39.02049542690257
44.00239499274509
42.316951282588256
49.147019263601614
51.579864597870255
50.783800495009714
48.551758521643265
40.82797200426278
40.42813453010671
32.94441983194594
28.02957109359701
26.68949935401932
28.724254401662243
32.2945553816019
32.51146748892849
33.16525313966848
31.530912733665197
35.27004618855158
37.32261668790355
39.42181046486477
39.68010132515138
41.04939908535682
38.595677483485694
38.64730188438145
37.27933889838219
37.998929843963495
37.04075837412875
35.658639584876894
33.821559443176476
31.083698108094616
32.09479284708096
35.44404016552539
39.14817131529218
39.73528842203397
40.941008771656996
36.9145821862283
35.50248969736956
37.25757106605214
35.41174363719787
38.66243833988399
38.416214759729854
39.131833341193776
40.450743263799254
36.69828300900397
37.855234198197714
35.677323875980704
51.43196790578151
47.48169294484752
46.36830696282064
46.36720594429179
46.804520949137164
47.19750521116262
48.58181499076055
49.1769851121902
47.06138029762269
41.33287652210457
43.8897117925417
40.52504554543953
40.030689573213856
39.64491830682405
40.72790638380917
39.899299299686845
40.5416420537446
40.255291640539994
41.388141003543204
38.953628032639934
35.79061397754272
34.9413935113922
34.582636365558
38.81665665577829
39.36299446402156
39.75914305657603
40.08397273586731
40.90028929545129
41.30600843801733
42.90789434265023
42.81481339113301
42.15427227446619
41.06630697282742
37.184542627049716
35.669702600596565
37.325274958495136
30.979322092033307
37.06319939003088
34.66078849703724
35.169125890651024
39.57726463940749
40.96105590299174
40.46856363913354
40.00322985608545
41.13137279190917
43.60114228115095
45.65967461227729
48.80184413537378
44.07553489424533
46.183612266955784
50.07556777090469
48.673501452075236
43.05414513281567
42.83242093536013
37.949906644779716
32.940037232695715
30.802194635245396
33.921510032610016
36.212081033942894
35.20392547392099
35.16182063892074
33.286068098587734
37.7465187848045
41.14019434987511
42.95043968672916
42.73218339049015
43.037093186514596
40.7209789081653
40.31422003609595
40.0023552696295
39.84107125662043
36.40489650433518
35.767709806558145
36.99357432420945
35.512687233597774
38.757090867931595
41.879841811833835
37.79474221970428
42.87041793731131
40.434840835520355
38.315747589067826
37.28793759514307
31.418139480991208
31.165583231245
33.47067908802798
33.83573653087759
36.89763659652614
34.268223846169974
50.382092478282985
47.34734065067303
47.219152174568634
41.71535345332827
40.043796329994095
47.3966995501373
44.79391988789992
46.74446425130109
47.823270267948125
44.6242285130657
43.06500052522758
39.779272930229276
36.30008540991765
38.030861017297916
38.68906415494018
36.38270406907367
39.617313527585345
42.05408464987815
42.40753088360354
37.059706564803136
37.520057930604935
34.792942662221876
33.21926322533056
34.40607030849661
35.130743899696164
32.317431495516104
29.25418497409018
29.373402601237096
33.11163906382761
32.95242084247938
34.44817049184763
36.904895534505386
39.972846484715895
34.49034213433849
33.68593478241832
32.42932208427679
32.593585242767375
36.360308568808875
37.14834328806271
37.344713864202696
37.95854361418959
41.37950847817318
43.04392286359191
42.527746529417016
42.87345694689502
40.481517970450035
37.55630957479093
39.711774885887785
37.701992635951704
43.94429389687719
44.876119492218514
43.31395216195288
42.43007626862751
44.3694210754313
44.07906175405713
45.4776365013044
47.83964260118606
45.40606858610646
44.488491410441064
46.618967910270804
48.990672924232776
43.39902334478798
42.065087981901705
44.79811251679617
43.79178418117269
40.567582027330246
38.584851156491844
38.31801285017288
38.98661187301751
41.103530492560324
42.202783812680124
40.79928712482496
38.863212917850575
40.5146120238145
41.52063107374303
41.38382286217303
40.995481889114785
39.28199754094018
42.558971031907205
43.20105528133144
42.86700845968858
41.93710990259116
38.50758334640746
33.74421250841836
32.44810400171582
37.026079865657024
38.92593411970465
43.18621769663248
37.894830161662334
36.83601611155163
41.98340792616419
41.924777688635125
39.56239868202004
35.27506057182914
32.009045765195076
31.01932161942501
28.887264696106595
31.127307745973255
34.02747520921793
34.04462977571788
33.13096200525555
32.980414029938615
32.084009991604155
35.51749276734003
50.90084905155023
45.97914742947402
44.634793385444034
42.498639288275605
40.54643541039765
44.59806366668656
44.50434382602418
46.36454216510559
45.593057759190394
44.229625428940956
42.70782908058614
42.18780441385657
39.229186988262455
40.69910208283323
39.36919931871097
38.82250223612971
39.94354247136827
41.04315947603596
44.07923657511713
39.58434855109402
42.093875081140695
34.72445361366603
34.934358084981575
35.71648512999507
34.71033992734407
34.843165627094585
32.5445561295805
34.024997875675055
39.95850155893972
43.66936748038902
42.72078380370852
44.79382911852765
38.14497796494471
36.44340432143867
31.48748383062355
32.16662180769161
36.42406174176273
35.57750968109934
34.80387843969606
36.33446110426898
41.934990991875715
44.22118778117825
41.94798103268061
44.25256363662034
43.77398273799864
43.68540434437974
43.431272977793554
47.272233310920505
45.33921906159865
37.643125859297136
38.454532871311784
47.8899468820808
46.99370631127771
46.68637854207209
43.19288993588037
45.2520030117181
34.33379850702599
33.468301113589
33.689412111688696
33.76994877822323
38.7846427390868
37.413771030856985
40.12130053991614
42.11809327739795
41.212063154825934
39.41152215480028
40.73322434563933
41.90388144392575
42.89286011835363
43.15889524710204
43.13747618857085
41.96817470053196
38.12682973742799
38.851743359580084
41.83907893698205
42.393916183928745
42.51363857230404
41.00690033192035
36.89050459037975
36.071466764767614
37.097347014644356
46.38462675689323
47.23944681627101
40.095858890104026
41.63286104721531
36.75078492215265
37.57667710197952
36.016785579459615
34.069940154519024
32.18367576655897
29.99705567607065
23.174787211379414
26.179322381426516
29.098026036227086
33.0679316773249
32.972763366452625
30.22135765981789
31.77851748115589
34.184034398181915
52.298048278267856
45.76362000658095
44.080048239522675
43.81538058436667
42.17041064546333
41.11439848524892
44.03408818111842
48.03054613829137
47.32523229283316
48.10436068593756
45.59023162786188
44.28370599217973
41.08111780754984
43.10596761437908
41.10666509930351
39.3900620363161
42.98066170802462
40.72290428155714
39.49523093736323
42.00794263539222
41.77293082504862
39.75268595279918
37.8044236939009
34.01738125962513
36.96695584417507
39.45074003891414
37.25879969283309
38.36748689922132
40.58828580012636
45.262304729602576
48.47030581626835
44.845413067750535
48.02512356790792
37.40553768705681
33.34138615762341
34.77170279613795
35.90610038297705
34.79475810870645
36.36324168833535
37.75210096336191
38.55021578641203
41.50667906117881
43.756498079713516
47.081244056137514
44.466208524919566
40.37686526437294
41.440459362135925
37.31179749219099
40.16759962792911
40.85629241601343
44.92102303431274
45.97907534860103
45.182968075030004
39.48112830934207
38.852859510803796
40.296660229782084
40.996027287914366
38.377191811711164
39.456807481604905
38.792822370380456
40.09680979912598
34.82348190393762
36.48364891374753
42.677683880922956
40.134611278684766
37.243691971912334
37.97425566161058
37.73609716505864
41.59284272146432
41.11253412157947
40.35327397175529
43.06309935375691
43.92644075244283
44.81888941418125
42.25230656954975
41.382837090873466
39.573707624826554
35.873824860222776
45.47722118825789
45.73959008308231
38.56083521221287
38.20004539674271
34.297821639262935
34.18365031516041
34.67852788365742
36.837071065984325
37.94206916944501
39.700160508888686
38.58179117759881
36.29392868277633
41.35469309041636
38.85389105015369
37.20799257641162
35.67885005995269
35.05184672857642
31.707280243253802
28.96987175667303
30.120672971268952
31.44884581482169
31.232812891276367
32.882670646041646
34.622084561777136
36.16678767268619
33.447770300162674
32.05220483826405
34.69409603002789
35.017116684904565
33.89102221577798
35.68171105163804
51.88731960985518
48.46867086707689
45.57255566573758
45.33142647773111
42.45757978932152
41.360516022834624
45.89188627367955
46.357498993490964
46.23226072072361
46.81422065944689
45.29182846574349
44.539569254901515
42.948123447038554
40.130466585534855
38.07184408903585
40.070588089481475
39.81487020181694
44.518543914463805
39.492424403369434
38.37518262656958
38.87279815778801
40.268434078233724
39.20075053745242
42.23471111293795
45.414933957356624
38.80818452892134
35.206590180186474
37.027109828160526
36.50030481713497
38.48816139726828
44.52694020495981
42.74852494866464
47.17587747518282
46.322296455560654
40.55736594628969
41.81331294917453
39.41806896604216
39.8630191605477
38.49582547092053
39.84019319654282
38.729413633174715
41.867251519103405
43.57893573366562
48.27176959978861
48.8139420958389
47.3745014813702
49.36473786015656
49.23738868092064
47.0326080526476
44.54097710367019
40.492109349437285
41.522346443714014
40.68750443946015
39.64320857486971
40.98597136082999
40.957544782959516
45.523127424220355
43.6213583311232
45.49984774361027
44.077456094487985
44.058498313383105
37.44287661912105
38.90672731283691
38.31522197171491
35.83506044194634
34.08255085503318
32.25966870117638
38.413883813371335
35.415009614290966
34.84540634612619
41.79451843330784
35.39346282798317
32.179782883231894
31.77881554212014
36.85114281473854
34.686072288530234
35.07333667709292
38.848585428697575
39.617516836573955
41.674108352840264
43.88609209444812
41.274893336267496
44.6635950493673
44.73787569759984
38.99841099362924
38.659393451767464
38.45034367765808
38.75131921289819
39.57635874371503
38.41401708068213
37.13957314220039
33.563507679886676
36.88269207836848
36.77949235957051
37.860664965599454
43.85938848658848
42.527185543524865
42.346117350892406
40.48154760158059
41.637557486887786
40.31995816990164
38.148187530261886
35.292450752618926
33.60676571316891
30.581833284366258
31.209312884125374
31.764698241343822
34.28841739857004
31.19086020293344
29.441730297042334
25.95923429315704
28.266505530537604
33.6730508811387
30.06986992054582
29.919576935781716
35.048410526927015
34.37105470123486
35.06760311545649
50.49799037731736
48.780868552449014
47.48960301347333
45.227422606125856
43.50525078721744
42.88077027611319
44.67239408498727
44.453930851126714
41.91485793768661
43.75397719486214
43.50935482160088
41.239121110783934
41.031615314494154
39.92506840355432
37.581979230956854
39.947013465608414
41.983501217669854
41.31126650261676
43.773692060316336
44.75826794176707
42.046484607626184
43.5849978944782
43.598528008331996
41.41540676912785
41.52165948108709
36.11505093646759
35.12404298464621
35.8837739911425
33.65979310514365
34.55507627131546
39.22594627513903
37.473933372398264
36.82108939570274
40.36365001750291
47.97156500787819
46.33594625448619
45.292565268475634
44.070593915409766
44.10507026278044
41.876533537636014
41.08608947562679
40.955723746556885
45.033290285019056
45.794398706506264
50.554158759011784
47.315046930055246
47.31378353671872
46.10374151444588
44.652774752678795
45.16581736565537
45.614404941228734
41.95376904911743
43.18138285378051
42.526743002476756
40.15528208940003
37.69493997141794
43.44081858345909
44.18496162330247
40.788043263862846
41.08846551345135
37.03092379467252
37.05781552932188
37.03838925858005
31.80652626179441
31.53147761051624
33.894402386467775
36.93909326354104
38.0164852321083
39.027485386701386
37.551079233960486
37.82083682310837
37.19229163734065
32.86611562175571
32.41126474306699
31.136890713722504
35.018663374136004
38.98940445273586
39.94557560128715
41.83981356486382
41.95913428163548
42.97395843944729
43.32663773400323
40.44154804378314
37.649262336985124
38.55657977146662
39.899760986983225
40.017109505676174
41.48254991824068
41.16649483514412
39.120101893157155
38.66976522053998
39.00213483812318
41.30321294393514
40.89447534929823
39.59978515934176
36.29191513690874
43.630699253472734
44.2341190311117
43.31725368274374
38.41051806940186
29.066741008218962
32.40512041602793
34.585662751015185
36.6469288142086
33.26627488511484
33.09279672616187
33.701324623142405
30.295423212554663
28.868826362448857
31.14771182256489
31.89363106218673
27.315116395218674
37.8457164157667
37.82493131799567
35.569887960658235
49.59776144245184
49.44814824500703
46.83547415941824
45.37496981253405
43.61256959906164
45.20407807927823
43.14878614916447
42.21779235905609
42.894927533472234
43.641397984325955
41.00054967519303
41.55873695961209
40.67298809270737
39.14691924230298
38.512094944107865
39.030558237605895
40.8275736966844
42.77729306116412
42.20553801666532
41.708400360579056
43.151819625264515
41.30294369744199
40.296334873434645
40.53579994702104
37.5638428591928
34.68128390652405
33.57747446790299
33.551477146108326
36.961012916438314
37.72516271095153
36.27568371196112
36.47459900323329
36.00328354872433
36.20419679485709
37.86905687665723
47.11275592082092
46.37217280413201
41.319096088135105
40.66314436307632
42.09943738944279
41.14131638059052
43.192694333892355
48.359370502807195
49.68978900564694
52.85987863170263
49.28586871309257
47.4802097202958
44.08999407367307
42.21658583220556
43.27430025124816
43.09828338568516
45.23742405599332
48.717373152205006
39.228103250263665
48.21397871085412
43.93024195554661
43.448924401959594
41.25320984800853
40.086842333583796
38.46121534152381
36.75632824850871
36.19005740950264
38.625146592722366
41.36561319981473
42.36631262871277
45.03072629013785
39.188965926686244
40.63960834111877
36.95048716184271
40.285129255406275
37.49972688254936
35.16621491135954
38.911062017050504
45.12906838175081
37.36321073732467
34.85786867962642
30.462829818580957
35.544666938343056
40.98641181055443
40.77488664235384
41.70262988101523
44.21988708080179
45.4095672682132
39.682270731480294
39.61644248207861
40.75789794842026
39.977648745273264
37.966396193047736
39.62099685150114
42.57772368646436
44.87573680337889
44.664943735665794
41.88437433963216
42.70567955801362
42.565440866657674
42.70323354867178
42.39223617730677
36.67944329389813
35.77054463597397
35.57400726679115
34.76681740688445
38.76629133482889
30.35186126199789
36.807924499733666
40.51823137307424
42.49532868897152
38.130633286685566
35.19356013939869
31.31465029692293
30.7599982105069
32.76977061843652
32.254321275213265
36.00041321968659
34.590938472576646
50.6452382419713
49.27312043271694
54.636434654963836
52.353781881504226
51.010583094596065
50.321243063414535
48.75140547139629
46.45175312406989
43.8494202761114
37.304819916350304
38.453876100317686
41.85238760167982
40.430854705328166
39.05444034795577
41.83917999396903
41.704902332256914
39.769681191033726
39.72061589568342
39.63372314389521
40.608969778655975
41.19335074320596
42.584105771680626
42.02641514689253
40.71447450866998
41.98250889252001
42.92360631932941
37.01156946126391
35.253820089644535
38.514997495150546
38.03981153987091
37.13317216137163
36.251169272153014
38.30759008158945
37.23690495984944
37.38446636716943
39.188861027941755
40.16375452191833
39.57320650252936
40.25870143382153
38.59831663917844
37.44552707830691
38.53875746094929
41.841554584248314
44.30148960136629
47.63070644827885
48.563075959254114
50.160210731036315
48.241194237699844
45.94983906442604
46.53232653104647
41.705686227102
47.082756388650374
44.64618208115506
43.97702541343309
41.149455301382275
41.34914210183886
41.98370932515684
44.06678573595889
46.08647413439573
47.38333941389702
44.11170068376276
44.05315689213483
39.710058934134196
38.692478856131736
36.74368628496437
36.373434032704495
37.62493511296028
38.088933993283106
41.25606586151943
44.2362204092855
46.708632130414706
38.85007962751041
37.93529456842049
38.255710547353274
35.93730283286179
36.37982440585202
41.19716004327008
40.71013809405482
39.826438794409846
38.757299693715446
37.703399874072765
40.74897486200071
37.98588812297042
41.14993410383849
44.53784902372704
46.452950221267926
40.21296302602975
38.72346729215816
45.85969278583978
40.59540470404174
43.82084796247214
44.07435364491242
44.49701236848471
44.56347771062235
45.914174777233605
44.258962240708726
42.33775057768246
44.48305952566851
43.569313279950656
44.502618670378105
44.2001549611827
44.3894913869692
43.56358015968165
42.06927852732411
38.68415933795928
36.37850633975105
31.792548541322827
33.399112378312736
28.58603850743722
28.480574259048918
36.257141404550886
31.098948800236055
50.686819654026884
50.11167109501712
49.61564733399696
53.04058681632619
54.06886381606612
52.33906113440102
52.45944549388472
52.88503867895442
52.45882082464607
52.332623706638365
50.51233295523676
46.902869843382376
47.666836367712435
45.65212695122866
40.36541870490926
38.90327655304979
39.05074587826874
41.770091305050855
44.109294747624546
44.55424413184901
42.712397262066894
39.63799894620587
39.3966060550476
38.83742536060714
40.89492918715128
40.477768530499404
41.52542717496058
41.27763268018397
38.22708173470876
38.828831868532994
39.326940198921754
38.71477849678361
38.612696136946525
37.772180414243735
37.188665718418
35.49772305232943
35.50921249792943
38.957034305249366
39.02778559624178
36.59802823692324
37.46842725352101
37.45215567194395
39.00218525743515
42.44756575731171
42.39863010192896
41.77757277839581
44.33809117559822
42.15061899720955
39.269279198097045
39.96886530493341
43.38201035644968
49.83997437457421
51.66278701487596
47.391806683577435
48.11887818141719
46.88341256396754
47.35373470989928
43.464668894444294
40.453704931075514
44.2070432345122
45.23157906616274
46.065980869188934
44.98462550012975
44.3812701095732
43.696060920728875
45.2887598128214
43.844785571138516
43.739437167509436
39.63540972487122
40.32875891730663
34.468824783471376
35.7423208048261
36.83575582724198
37.52148279032699
42.78476895634017
44.84864303596189
41.26207838065086
35.03088927126981
34.03388884738722
35.67833189697873
37.00295569769298
44.20104907453618
42.343006817124085
41.47057859255707
39.45090253594332
34.727021612559476
39.95514813865457
44.460970475902656
44.96640004827436
45.54344452892982
45.21753240866632
41.65941146513273
43.213879711527966
44.26942567552879
39.85420801255919
40.860194574857026
43.932300069047855
46.23824371363285
40.51399905985597
44.45161147057199
40.718245872265555
39.403362807433666
48.63152792146526
43.584263756744114
44.96964908291885
44.17111702257183
43.40882379654583
22.441893814392795
49.226813793269216
48.13909221129966
48.64876018476389
53.66444799751241
52.370038883178914
51.42226067198028
51.979414129297936
52.641110787508985
52.96018048625626
52.67812887742765
52.98487794725913
51.028489409175585
50.92128815935411
49.84464401022812
43.382329361775696
38.81798652838835
39.8944990062746
43.55184113348978
45.376057710134575
45.55642189515716
43.662296543981526
40.12245708990071
38.9374821888933
34.33269000947717
35.16100160709778
37.36378918420744
42.69875738635664
42.41201349980862
42.2815569396922
41.545273731551966
39.4499170739408
38.85232912774094
39.2780186110519
39.50943384338924
36.98906704366323
32.83851833864063
32.80842532266746
37.84796152721126
40.06865029829741
37.45076029582137
42.477679189602156
45.85463128984541
48.28560688750757
47.94884937754481
48.302099021084665
49.466751649410696
45.606468645888384
46.47975349618588
43.97448594927472
49.29292200398224
50.971884265300986
52.49916388170385
53.991459544522286
44.058083040735674
42.33503942742951
48.56667573592207
50.2295249046326
53.08471691442793
48.176575001535895
42.966387287477794
43.60901604472887
48.92044482207812
46.950479820244304
47.949975833429214
46.55852218920828
46.19845279616071
47.02200621405651
46.10006893718703
43.419871853699824
41.506629625264644
34.49369983981772
34.28561203994115
27.60620875577718
40.82805768943425
38.993395342561165
40.09316994036011
38.722973116327175
38.51536759912948
39.88808798444385
43.12867864608062
39.34778383002615
42.38441198256088
44.19049174147973
40.64814537694483
37.408260405216296
34.15422878202552
39.11994073563503
44.29370876161785
47.06158306221528
41.8081180812358
45.34307409687522
46.06050900739442
38.97666586258168
44.41800749996126
44.891196146557725
44.583021151779
41.47126521836047
40.75293925792677
23.549732904649186
21.399067228638184
53.327542689859115
50.897189371871626
50.0915519968919
52.95728786365077
52.60615038619387
52.73258146886856
53.61462350340192
53.51704934499708
52.21017455395012
50.84508433784875
51.15110807164875
50.37296946413413
45.93926837940727
45.59809790769328
46.07992530852406
46.174647926808596
44.56122353771834
43.31317312126951
43.04892148506544
38.22594571518539
35.15509801190112
35.55127368688041
36.0596386692021
42.266802668942944
42.10493824504861
42.747827203244
41.192743965942995
39.590323536816356
41.57789690189302
43.6307209692549
41.537397848407856
41.20934649274965
37.659041662373674
39.219604147828775
42.51257013145658
39.944602440136556
42.93093866493057
45.232669013555345
45.340923066995565
44.66425604506029
51.999607781032836
49.70652031296124
48.073523840578034
46.517659816747255
50.089242623858745
48.26295547690498
51.31607365126055
50.42292628525251
53.44940209984141
50.937809440372234
53.787573746961705
52.0626203381443
50.966520907589626
51.12482006647201
54.5875224051451
51.48237286645777
48.706205507218215
47.310720795139616
46.918937235571086
45.94498189995714
47.18466528523503
46.65454105755806
45.0806682584964
47.60467189096636
45.79767952355643
37.25972230810709
34.381783079989326
50.83547562968565
45.97159854140307
43.4635544262331
36.78645144645107
38.96587845967826
37.53229812622251
40.37545137898759
37.74024688658355
37.67304837401557
37.60678204911125
39.64786223802372
37.476087873073375
43.455878715261775
34.77732219877789
41.27539207690461
42.547343836422385
47.46726234836195
48.01397492150593
49.640950971642916
47.15845062227419
45.93805556801102
43.71341638025894
47.11037897141763
42.074504269862246
45.8482254085215
27.87924869130158
24.6781740350891
51.66467010664177
48.716356345719625
48.109849808103554
49.605673130728626
52.235122213897775
51.184400892095695
51.54453592548687
50.975913375404666
50.70587930715562
49.40262236020387
49.45705660716176
46.72203579312844
44.11355997362338
38.952396464102875
39.88419423273442
38.20486372600972
37.237030122644164
35.40721516971543
33.53514326022312
35.57671209963069
40.50654748966882
41.5646751023861
40.840771280007
41.25343242252631
42.35326823165565
42.26182040222425
42.006762945374
42.91076391950601
40.99449804078875
39.87212921718791
42.87679503551905
41.94755851633264
42.053079259066735
42.7477079900849
44.61989047604664
44.01114460036518
46.40378571870618
47.007747477723825
44.655793231839965
46.26898798781218
43.84014893351717
48.07450250605173
50.1264733457821
47.07988009955639
50.787832932984266
51.94546284707515
51.743714122699416
52.20098884065827
50.95466617159224
52.91541093693021
55.84946666910489
53.29551604039567
52.23081109764381
48.08442939579115
46.84385374729242
45.55815466829396
47.47197739532914
48.24315237005639
50.09996269556413
50.4359457412704
47.85660654143107
34.30818400449002
50.233928357470326
53.04918601872723
52.21180843213907
44.18588478186291
38.412029724198035
35.162436124063696
36.04993928583315
40.05842053490487
38.606314377307626
37.6694500665528
39.62161039640582
37.766164619761454
31.22089816660148
37.768134486992686
41.77711448310117
35.588534494991045
41.397738262519226
48.10010983246895
47.20095192903434
45.532467576730006
43.30407682718544
42.94030982370508
48.03671580243064
46.230297412234606
45.35936634499908
43.254208548502305
51.781280342936654
51.02662047368919
48.55609104809473
47.27547856351303
47.55231169787594
51.04249525417008
48.04257724563706
48.439873734694544
49.69070475235137
51.10366319817208
49.532578242294775
49.31612725099766
47.91429030163041
41.41884483434664
40.69827897068316
38.94270241552828
39.917610751192356
36.8047309338469
33.223968621678814
33.242583246201185
33.318043230914675
35.94196737874776
36.61444024244161
39.36716595916096
45.5808616565243
38.775090351534175
36.86651673524922
36.0064254436403
37.263142841909044
36.6244660198097
38.82510813863346
41.57520982968492
41.29314044469185
43.39130231890412
39.83741005522286
42.7179340677848
44.25742192279933
44.58970319538128
44.985768963124265
49.63701082891111
48.860395705064896
49.62359879492564
53.92061549497244
54.90037865710937
56.162083856210174
57.16882800409204
54.50198216190235
53.414099032592375
49.401953549543975
48.02323677729561
48.782555616830656
48.78841211068385
50.54616906623011
50.5822860000921
46.97835519521263
47.290780463342514
34.54420421468984
34.679477687236094
54.30453050884924
51.01365172388494
47.11446722281757
43.092598807767395
40.09978427190604
42.244812632381645
41.61695092432668
42.72160319538762
45.6423310735166
42.53619198339139
39.463047519401876
41.932473970965496
36.978604629005325
41.443893864990116
39.66742636436949
41.630703477084
43.20748395658004
45.44985297905434
45.473321561655126
42.99712905325532
45.7165498320423
47.32093543007734
44.355377379584624
42.3520992469391
51.60119033332713
50.54547121536594
52.926054716495045
53.44641086281469
51.24422339651622
49.09096931150282
49.306121750664346
47.92508447956955
51.705044570584164
49.8585203888427
50.437441399343534
51.44872957298872
51.25784050844877
51.09635942629399
50.35507694290192
48.654371702830844
44.0788514695232
40.831487061812574
40.81286468546317
38.96747254239814
37.301802328576585
33.47513789821391
32.20060142040373
32.70809553438233
34.22572776169235
33.234772124806966
34.08083461329775
39.86681162723008
40.164727281267815
36.6008569142441
36.19251510655343
36.4885716001384
38.267213456926065
38.752585382244874
39.89827713106571
39.450765762237666
42.67815485472489
42.57853984270722
41.544939626130024
41.93731285408363
44.58454492579312
44.143713728158026
44.3386820897884
45.18189205693763
48.98579724392357
46.72819940994815
50.266769948214474
52.18330442532481
51.099075419912865
53.86035995391222
52.980613877462304
53.13720077620204
51.73036341865464
45.831988209057684
50.17696980883319
49.001181592672026
50.13339344358667
46.23306379330371
46.43177580523208
42.34392997951526
54.5109015492968
51.870966493744
44.41998092862136
43.18172053527086
42.36094757886586
43.567437254132535
45.45032524246274
48.172062626662736
44.50752172939768
41.89262575874017
42.486073391137325
40.245060160945485
36.80802209747205
38.63232868748817
43.340669881945146
44.96599272257537
45.908415450789505
44.80687910256503
48.22351442659827
48.59695428396498
49.52972552171357
51.682676061926024
52.49803252692366
51.37181695468499
51.389361173125494
49.8631704470482
50.71510432985387
50.86508831920378
50.92224187532418
49.95282929292135
50.25337508542787
49.60047420350113
49.554633820292345
49.245730584825736
46.39448361142343
46.26255200923524
48.20105599311117
48.44401413131984
48.26175041442635
47.512004007778756
46.540004730213546
41.88623298208007
40.40069757513674
40.085515209370456
36.56647222472904
35.0176189233987
35.60767372141397
34.503036114521066
34.04397535347234
34.69664087973559
37.058178645246265
38.889401160573684
40.7649319424852
40.36960450387732
41.626890795148846
40.95869890996496
39.96094486970471
40.52539314254044
40.62599465732849
41.239678552664124
41.2404678612786
43.4753453425815
44.04602287400962
42.5035402951658
43.66831126448225
46.62556006488131
47.883067039736794
44.9140575315214
46.004743646809125
46.545656639620375
51.34957557038886
48.88560348311882
55.10519667447052
54.67420986646405
48.25635116583515
46.62551874248748
43.69203502418212
48.227316956311746
48.716940100484614
46.97338397188848
46.033250029426746
44.76901563210123
50.21037086158465
52.10411293755854
47.21105686556379
45.07261842087479
42.20053323305216
47.455928977860815
41.66349068096135
44.004147451187904
39.49532064822756
45.54586414598722
46.15462006381438
41.751615084372304
37.08647339467066
41.2956989279059
39.99480776403736
40.3113559924866
48.62944665601892
49.80704502287914
51.364651089705944
52.88852204173133
53.26541144533881
50.51707563967336
50.5740161843603
51.9570071142154
51.73216768002196
51.19897314597447
51.615009311430555
50.306411127143505
49.95694798164793
48.34213646297762
45.69453733741989
45.25418040444012
47.08572856977741
46.002730182163354
45.80784739978601
47.08120509668354
47.4568236241122
47.169000142006375
48.382810671834044
48.13965863625407
46.16485659701672
43.34960433496943
42.42803480589336
40.56223495672039
39.488094265113915
38.8992466964356
35.04328907100981
36.318456995278204
37.730844414305245
39.12048878797813
40.725594854201596
41.313570128670115
42.1642184162802
43.983310215956884
40.78917071899313
40.34250854395482
39.86003552549896
38.76191534418612
39.7302292778594
42.67037222869791
45.430250072996444
45.18425613010539
45.708645360728134
46.54255362210623
49.22972456141814
46.13883747396601
46.999745277635256
45.84192909711188
44.909688964252126
46.47449962592188
45.12712245128538
45.849668458048626
48.3015167200963
47.5437212008206
46.24357446974394
43.716409803269265
40.73439491542585
44.69877692760136
43.30593568895502
47.614811321527206
48.6633671079087
49.34825802938416
48.08812101879498
48.70481790953286
38.45716298885576
47.0165322703404
50.16106994027005
43.249024525693486
41.74662075101159
38.61846935411875
42.262172139515975
45.581379418747545
46.46647916635416
45.24513897815453
36.63059368650003
39.02841709992514
41.83942248258602
42.117306008887454
45.1446630669424
45.19730901077254
48.08953137237072
47.02045221274997
45.75542080761504
51.84182269422843
50.9244295398447
51.87237400875095
52.233776963344795
52.35657821814269
52.709083856123556
51.606904444160556
50.48746454296323
50.037045826434195
48.52032273306297
44.22329149841114
45.861739556454395
47.92964902466738
47.72223060313477
48.452675286327676
48.05065941583857
48.416759680970344
47.640912350178056
47.24295845997982
47.56727258606803
46.58044649355031
45.50156974776184
43.710036791234124
43.673957550429535
43.17291820909591
41.62817432074792
40.17711467970946
37.61164456859926
41.763060253289154
41.43789184576538
43.3456327192809
42.398636016270856
42.325371848362956
42.88352707771026
43.234689711414006
40.471809079047546
39.182560435614946
38.498982937373334
39.291284990425765
41.31321964958298
42.19822650439029
44.92369792815662
47.56056846680842
45.86130541830509
47.73021939212432
46.954711194617346
48.29264332859629
49.791949801692475
49.53530879436923
47.91912312724636
49.57443592103279
46.261966458907786
45.73119656254966
41.520723791556044
38.56881329081531
41.3595925463962
46.06888986443666
50.293955070940555
46.6895697008391
46.43145539118155
47.430377951564786
41.923715229832304
50.986990173384974
45.59305434803038
42.33115831402411
36.584247081750306
42.834382728558325
34.84616747465005
42.55651000449619
43.194779248314404
44.611015994485946
40.72092866108627
42.2755317595778
42.891719271002394
43.84081798172843
48.46878919669991
49.82641850439994
50.785418412434
47.6678952742543
40.747827316690284
48.91864119861394
50.50196379819697
51.08093257165926
51.346835505696774
51.923048329753534
52.597880241486294
52.463232338330464
52.795772056498
52.42188537191993
50.484660142726725
48.7878978241346
48.72249400787784
45.90510169218287
41.389706809426926
43.863326125128495
45.79449342607153
45.56848116711298
50.10405451150288
48.09126262060658
47.8855986816842
47.05269201913388
46.517648610878055
46.73115773716509
46.458119706161256
44.58718195723188
44.31588530213849
45.97024315037745
43.70945777498426
43.21443809254116
42.36559665144946
42.16036251752864
43.277600121110964
44.62913953415682
44.92863630190411
45.38373255148448
44.93629205122404
44.88842503052369
42.46836399644659
39.4295008596691
38.555690577380396
37.600924487159865
39.57705662625649
43.30580595465095
47.52620497280528
50.38429610763484
49.83965315128767
46.726065799677876
47.031155209076566
50.03688226665221
49.26215748321338
48.22585660372808
45.465189570133006
41.502256542512896
41.42388303894401
41.72433364541432
44.684096806434766
47.38516970663648
48.7628299822558
48.08307636281647
46.107537829953856
48.14047287108913
43.47866855111081
48.921548190608924
51.17863326397362
45.36193329001297
39.07721669157475
36.252258575257244
44.43589659425241
40.11930272762645
40.75065286463126
31.88355151306703
40.340924407206955
45.66907645547631
47.801299408373424
50.527362002369784
48.850998259787076
46.62943754608582
46.08905934423128
47.4207294235314
50.57254670934184
49.7471075131147
48.28873955700171
45.583529523726455
49.448832682337276
51.16278037062888
49.96122616053318
49.208047696071226
52.01771258385301
51.40422717966964
52.55796886925687
53.72508262034208
52.52869334731933
52.83928010394973
52.5783469976443
50.40560543226803
49.30984279425066
47.12135525995594
45.09193921538571
45.33750379758376
44.441421188805556
46.08062291307284
45.31848999844342
49.59923507274084
48.82965318286752
47.43197108313841
48.128444664333195
47.670941815440784
48.42247974338118
46.890080822516474
46.210443736672126
47.5617348078715
46.69382765587968
45.659520030437506
43.5263189393296
42.99533808596964
43.986998245063795
43.4875489750774
44.42754135926025
44.5487942503605
46.14353737082593
41.809842194233106
38.79615077275054
37.8933802394727
40.1657093649496
40.04042322325991
39.4293316020213
42.68159246367339
50.47733240024495
46.467059315160135
48.294463712813716
51.237338497403485
49.58541667315144
45.89753099235675
48.69448141117791
47.52709025111911
49.62688328903909
48.88279269238004
48.063935974013255
48.38380046458526
49.762428396739445
49.31307476201318
49.403224545136425
47.69070444714665
40.4861779004945
43.12453464401323
39.55918395597539
40.2384164190904
45.02617382520222
44.91049611877402
49.37282916454855
49.63935607080548
50.26239458647814
48.561163972194066
48.6727790924275
49.44553679042654
51.675183683448736
50.96700955128568
50.842781881514256
53.58646824597071
50.69655521304154
49.01466108544349
45.5480809286339
50.57556358209504
50.67528102203037
53.37912290709917
53.28986720290742
53.039625510624525
51.72252704974618
51.95960358702149
51.2946739664176
45.11155653154987
42.51641286341985
45.094136072522026
45.03260558467055
47.840501883326795
50.42135053698056
49.95313044158815
49.970249380367534
49.21602004312288
47.68517219988942
49.41305536196524
49.0767068144214
49.25951510971354
49.199207074497856
47.526710484493314
47.342413682925084
47.64629111940994
45.91017153463583
45.96600466682594
44.66612785969766
43.591667683785005
44.2196795595497
43.326739007047564
42.65844749942115
40.19752481130757
37.576032844558995
39.53881279636331
40.952990362486155
40.3571942356151
42.20551789103004
48.99705881952038
45.717940655201026
45.46217937182524
47.86515474557255
49.719394789876716
49.08730449220099
50.96068458582125
51.54987973989437
51.635232941871074
51.06908278856814
51.15367969007431
52.61439241405973
48.71014289821859
37.735105183349425
39.232263402234665
37.90544709766609
38.03293685718684
36.77665273908655
48.342872210686124
51.88908185824631
50.89640835523263
51.879677878258406
52.21653791074043
51.02168368127224
51.23063586893818
52.79414968532937
49.2247361083762
49.1235738401644
50.19071807674287
49.9398688724101
50.37567142467033
50.271609750152344
51.92994790042998
51.57424216474909
47.628265025221744
44.888595293497126
41.815102910845965
50.05081043202025
50.04122937355729
46.76173291764876
53.15939483574937
52.52080346532134
52.65105675175824
51.593203144597766
51.45951436484524
51.475356349496565
48.2920921703188
49.79238475008782
50.96034020449689
50.902152883401435
48.854012399775
47.83860365314443
47.76793220642307
46.05281897037232
46.84243378154528
47.78427891934903
49.709688300320195
49.31321359295127
49.4356595560099
50.30779099612984
48.962248190730136
45.980080005521586
44.07978011673016
41.20631057854492
45.529703625745725
46.7196014714138
45.1439405313849
43.1315005572127
42.04502305594424
32.157409754045716
27.89686089262815
34.7320508125399
43.035650662830996
42.87026520927677
45.309713994640994
44.19854520999515
41.30383423996853
41.402202793824735
44.2000999076679
48.90170743503049
50.87830423189077
50.79578048560638
48.25189841386894
48.114635890548676
43.791910890649
45.381945129372895
44.84461233221726
45.12391278793508
50.98162910759366
40.033342393215406
42.779483818432816
31.50431282169183
36.11695983606168
50.75041333938297
49.923754071694034
46.94432749361676
50.33710032195036
50.29912310891742
47.659592168944826
48.971324161450944
49.90645239924407
49.228798211151066
46.32673348010812
47.628724247894446
48.61065272929503
47.0301967569237
49.88176898709648
52.35515444618739
48.2624525496225
43.557330801896775
44.83148213726152
41.996997591037136
51.8161789104293
49.33843415815928
50.910524767721526
51.69647091970826
53.40618729124508
53.87558763076211
52.371243802030655
51.32567365041797
51.0673701588907
50.55700401425207
47.4622558582898
48.20368345391972
49.66478133686524
48.42576656251349
47.72852344059455
46.73064598264222
48.728708365060065
48.81821588052437
50.21878021830294
51.043972293830116
50.96794794958952
50.084758345986266
52.12296985735862
49.30598369649219
45.001008574200235
43.73952674849869
39.34536121834972
43.090426435637674
44.81971180583033
45.4217323065463
44.515285233354646
41.42948531197344
34.8548912879927
32.028746283446694
36.64338854821685
41.03686171106562
44.46297762537181
43.63210683305373
45.22053559357867
49.31983228404401
50.29945827508831
51.11214975116766
49.582530815276094
50.094778628200594
46.5134670463336
44.603236590064185
41.1945894393888
41.50586877904762
46.41624912151925
49.946147192725654
54.42666499294385
52.13758036640909
43.64100151367703
41.17095128754779
44.183092682526365
35.21339116636031
38.42150193382232
36.931672939604994
41.97515245995528
45.31139994338697
47.80033402227979
47.34156332273861
48.81793811856777
49.41092300814785
47.641020138446734
46.43006751379033
46.35967411062143
47.84294697104196
47.34652680510493
45.5231829533952
45.11150704393082
46.80372819687494
45.935150208602145
47.362233084151526
51.041193166689304
48.813498378126475
40.591834752168076
43.82548730615252
51.85981051996434
52.00047492027537
52.0726884022798
51.5336154453768
52.208608338252475
52.406870335775835
51.46515045498822
50.634754854284076
48.08185446947004
50.0202369798605
48.41550036237685
48.061805834691356
47.995869145888015
48.43990464395359
48.48700259110477
48.36645089123771
46.79863549383513
45.30837176430756
50.11195997490675
52.734011587822344
51.10478146888382
49.90485190565002
50.001122315785516
47.796149338488476
45.0336394810294
40.052088065034255
39.513718111428176
41.68718546992222
43.054728411393036
41.83037960215437
42.85077336911415
42.98535880302206
40.350663115205975
36.87281387875259
38.39861915556717
40.00644865916051
42.90683058434768
47.40518128882466
45.6515216746687
44.23539430486473
47.70129287918404
45.34283482379589
47.55171923428518
50.04816629489469
50.7877651835297
51.66324359492866
44.77286534852618
42.13999440489084
30.755765343936304
31.97560393330156
32.27003867756417
35.792852148551624
38.20142004770017
40.61515187043055
42.27067131936327
44.154856887673034
44.44195483143196
48.36881324253805
47.064733838114314
46.690526882802054
45.907824580018
46.40629876783972
47.60615892656989
50.00923213647599
48.580558574372546
46.783167214293655
46.20744917156456
45.17656038816388
48.71901210545197
53.16559635911874
51.105793864847925
51.22710514904566
49.97304293089683
48.88677272511453
49.81260370627752
49.80289787478177
47.93488671194825
50.64987566769399
49.64769716919586
50.93577554936734
50.39566044091814
44.86489769151394
45.39979617076964
46.55552974397526
49.74967532947856
49.68271073423183
47.12246775609281
47.32523650042838
47.727659542042765
45.797798641968065
43.54571634302634
42.02279831769385
45.73886564398093
49.502783893084086
50.3695330524067
46.66724750162327
45.95672946532124
44.59490569467755
43.237337481188725
38.47642334288053
35.9948336283749
39.520662018845385
42.08990939232149
41.85600706131821
42.39172702020337
43.364952317548955
40.56854448040483
37.59979895532908
36.83306890205829
41.34632655213435
46.8280