34.70472947414775
30.726428200456713
36.24441902825442
35.77805446911199
34.027036049028446
30.04175577658321
23.981940596887956
36.73194725621608
34.99663127411551
31.605075261402277
30.965272532773223
37.05240669939351
36.27759333531015
33.66215221051688
31.97225355783847
30.990223736074164
31.93649043565015
28.34980951427968
37.40381795363992
33.762580630387404
38.44452585953917
36.07503696658583
34.26878473200537
25.378142927817333
34.65899136550006
34.3628388054576
33.886357589918426
39.03878453078317
40.171394898437654
36.29043515670917
28.754295940185607
26.64830224560276
34.8168632681283
21.99403523332688
35.68991839804931
36.1383279706235
32.855413123684684
35.852989504005954
39.18271562823544
36.044874452792676
33.8126858911955
25.417830866193874
37.1430315785047
25.282435258482536
24.559342656019822
25.007271346909217
33.85499866527814
34.81289676270908
32.453908873954674
39.4356662078433
38.63660064319566
24.829722753406024
25.001143653695078
35.60392749444224
34.22623702618419
33.234735305559134
39.63937498203493
25.20267998671283
24.42000428056189
36.54162488158837
30.520437836158166
31.199310844442092
31.93799368527598
23.93774148545895
30.270203393023344
25.319981809419364
24.846140336105528
26.681373518958686
28.955746667526785
29.582330821227135
28.17725448474327
27.156542345118286
25.920359170594025
26.515586281153585
27.346943982826755
43.40587309225613
43.29764470907719
27.95607945416137
28.86069395335843
28.998431704736323
24.317124325677565
26.175156515778337
44.488933831086825
44.701680759599896
42.48542938532528
43.3202157163927
29.372760386099838
32.1662689047556
33.612970348413306
45.26274159477767
44.32218544680413
44.57236016932168
48.37279506846832
33.344342776933225
33.705897278925846
33.47824810213604
35.53816123068612
42.70192614817564
43.173124090457044
43.11626983147811
48.067614540778095
35.22780774229962
34.93291359080693
35.546045501734824
37.6791919848807
43.51659274580419
41.00833166554229
47.479396340605874
50.609261858508624
43.001244999943076
44.30556018354599
46.126733905734724
47.419665967712206
39.75816791323265
39.8132626057724
38.83449765785548
43.35099945494725
44.101160261205926
44.107579380436185
43.614687133116
43.13475323408998
42.13611377544949
46.44498900983318
47.862311204376724
37.85280199191191
47.66298847513394
47.12864639871806
45.94902734268073
46.750429764664226
46.81982407650364
46.64068711659726
45.772284450807376
44.78731998521546
44.70036391389448
46.028769389216016
43.868248663024424
42.25521947759941
41.13467152921077
38.22187365003549
41.09156494123309
40.358529368839825
39.729862899517144
41.973670766969754
49.027135352065386
48.883326226572905
47.36180128132299
45.19114781453505
46.10648248485584
45.45633955084959
45.91234789212602
44.95537385331089
43.956582728266135
42.6061388655949
42.439602317051666
41.39658380237028
40.702639115771035
40.775133500207644
42.70860295874976
43.698071316646256
45.572952655413864
45.509384096952566
46.741301807686476
48.282356853464556
49.351266705146934
49.33997610345594
48.72085537226601
44.73831994760011
43.420878973422596
40.892448863324
40.92332874282559
42.38741075082806
41.713628850001015
41.91603649327057
41.22529817444283
41.59847760629462
42.96476778826021
46.74213075353629
41.91751834909268
44.33979961482034
45.96920659831385
45.95139517409812
47.136469550539985
44.99806518348602
45.87326843655992
47.74027542396744
48.56868124537512
48.12280559051153
43.98447727359516
41.62447865596335
41.61634735888823
43.2038655118213
40.488445823360685
40.63659249684148
41.62322631475863
42.46705972619442
46.81063658189913
44.98434789233286
42.62989760397167
43.77735200854175
41.30963350404348
50.04017768709394
47.190656595321954
44.1355282967596
42.53262706840678
44.072723645874945
41.35028885076072
39.811939130671206
36.90569428007437
43.40357476986668
42.85302050453091
45.98833381005001
47.37136010136307
42.54007649444201
43.23535492626246
46.431472210671686
47.79588207046939
49.515382712125344
48.68414536484439
47.04410885422434
46.16336676502187
48.62200792458526
45.03379474776558
45.3061583443553
45.66894593439844
45.306445589637455
46.80430430663861
44.77614343846621
44.19661198630066
46.314602981780055
46.234578534527024
43.6405316856309
42.21302473665792
42.18135551619901
43.358922459199505
47.75269684119009
47.219533631318164
43.31419584704852
40.22160647786988
39.15782149268889
47.02328097962621
42.88382328159111
41.68438028395643
44.396143262093375
39.339828166859526
37.315442674219625
37.19965613658363
39.04432438478899
39.94386568612103
40.57657838107016
43.5579353688807
44.57013332278122
46.06836840919194
47.77739348930984
46.83531890182968
46.2424360599467
45.43427995084725
45.64047145273121
45.76748265362356
47.31246700863498
47.068496339072205
45.55846446790504
44.29994217398846
41.32390404786184
37.10047665562211
38.58639433763909
41.55386318050927
43.84293823828887
46.4335769179273
47.775795728142946
46.77193573263511
46.9690767732169
47.4950635505058
44.24464110818503
44.46739584113996
44.93349138831585
45.260626362166455
44.66309134671942
41.041676786484935
44.03390894420853
47.60017286445106
44.27587415147847
51.830728528717096
50.8293505480496
44.928189650078146
31.987371009405745
39.92889464262758
44.37736423831993
38.69592014513368
45.74278924649187
47.46787935904199
43.56479703467771
40.24314859991436
39.71875777616044
35.17497872255427
49.30338611261598
42.72777675255032
43.354214766889356
46.80481090879717
45.43640933889208
39.00672252375185
38.71798432933861
37.172306917690335
38.77018259721299
39.49995317419562
39.82052906831258
42.7622185485836
43.58821428288288
47.1739080967626
46.589092703306406
45.37637960971091
44.221478279094356
43.00191543999137
43.28945121327674
44.083360592379684
46.46699828295395
46.867027284874965
47.47023108988438
44.59109892138166
44.0948599158769
42.61804455375608
44.86855978650962
46.17870984320798
45.68903052914264
47.376757184561484
42.63914558310236
42.92924142358346
46.56232031274653
49.11304110147551
48.98874482897814
45.791280462808096
45.919122005921
46.533229787537486
46.51413613786199
47.062170874131816
46.712059497945155
47.032204007081255
47.22007604440402
50.28260928897603
50.35372761297375
50.6832710402177
46.26843634741329
42.90645886932829
44.49709227020135
42.292287151287795
42.90910939826606
44.35516332803912
40.95972835645162
40.71162825625816
35.043757572090485
33.6072914294646
32.34958860263496
33.8474347986851
40.88353715035738
55.01901101589935
51.280011327797176
49.80171262811925
47.706698601727034
39.66990210416176
38.73073710894004
37.75783121024402
39.53064313608188
39.355913261007885
36.550581428795894
36.80773336625883
41.43884664224111
44.21332113581253
44.09632139703111
43.0025257359782
44.09930272176907
42.741163055864355
42.95457418196425
44.36175862477835
43.005611899576245
41.8479551509008
43.43595629910401
44.435223257116775
47.663625618052166
46.31066235736276
47.97773435523541
47.73174005153937
45.918637946961645
45.93348515471861
44.06429486196401
45.985289422331995
50.020284051487
51.729443450489654
49.85356456290121
48.34354690784293
46.93310055080552
46.73147560466761
49.81996315238912
50.23750001843441
47.49619436813932
47.745517266461675
47.60063996711799
48.43761355822264
48.85955186164335
44.24463947155521
48.62382935638226
48.689939349282305
48.26717239282049
44.6557170122039
39.624270931032655
35.33512765627784
35.64459963931188
35.532151339981475
34.019296737095395
35.2583849046545
34.445003794776625
49.658823993355526
50.172102552733605
50.17555056560636
48.88186798539219
49.05804599469935
38.84660239086739
39.43404501937117
39.71784398916252
39.125036467376624
41.268488614596535
42.13164594283062
41.01732934414473
41.242104919793064
39.71793969103773
42.62072542358357
41.64923764345165
42.860016359326
42.512143004031934
42.67728672794309
43.07381061175032
44.07311706434923
43.1456955579668
43.994744628291784
45.28145227360166
48.21078306082855
47.8292882181718
48.62138328266259
49.97532819364061
51.90488236389557
53.00521485072007
53.70337762111472
54.40016235642149
53.363144395222186
54.22742767607391
53.57135518928556
50.63530167464082
49.964546195122935
48.72361691863723
49.009523216890216
50.730869335150025
49.9614814571766
49.329675118952835
48.33496732340589
47.24412869649747
47.10664811145053
47.84716317397328
45.96814300771674
46.90280330162017
46.791385746038415
45.50697151064973
37.19998056847368
36.147556125696006
35.96550586674798
34.6288950470859
34.81425657479939
33.57198234758633
33.96746465197939
35.77025766257081
40.88439290937032
45.939853828652545
47.51126915729041
48.664469542524095
49.24044403206163
50.80462213142005
49.67934238974445
50.32136471731097
49.4881376488569
47.31360337234073
42.41215213976692
41.53632996030946
38.36697565249056
39.498392863819795
39.805339336110976
39.66143285424106
41.41628653929555
40.79853525048079
39.99055232440864
39.29019792661634
41.126025729530376
41.68214290315345
43.249781572410946
42.678363764264574
40.93032200342524
41.54814076064342
43.24405219494477
43.64179205503567
44.65206854771305
44.70842210123951
45.83259867177651
48.053012288370354
47.049180109762474
48.01054966267026
46.84950993878884
48.92393237432968
51.24209453329541
52.27952989510195
52.65067963137462
53.57428072770535
51.98047368731389
51.94464716665719
52.963471028332314
52.8384819380161
51.433005342550516
49.578965730158444
50.195292766601334
46.35721936526665
46.55217502800524
45.243840392196155
46.16316747462776
46.85171801374545
44.72528107287687
43.29829734984758
44.89033582705706
45.140127203961086
41.078404783634824
38.357864068397525
38.18097233102884
38.76972700144667
38.67554849949588
38.63620998895185
43.73277716369258
44.03243507507223
46.250983553288435
50.332120505775514
50.96575850496756
49.83443385355537
47.393037364271045
48.484463116321585
48.972338070339106
48.88604352821221
49.93961859761981
49.894196532059624
42.911684229493034
40.22459884654535
40.040400624077506
39.85797662872175
39.55586381606293
39.52283105165496
41.63638715454167
42.75203905759297
39.86360153536024
40.60752197848573
41.38283294477315
42.10681292487726
41.9906827338425
40.98339915086446
41.78810069425266
43.20837634830143
44.53257048117683
44.657738569183046
43.01217806537834
43.865313653791404
43.39271699832549
45.917622784192815
45.94088712152513
45.47992848959019
46.12292766263614
46.565913046508925
47.730548565867736
49.45036938732299
46.05294757278458
47.03399720471371
47.91254538099605
49.91401883885162
51.29438546647811
51.89239165259182
51.75416622147962
51.51418066083387
51.50162813036232
50.85269227258918
49.61021213950303
50.041122711021494
48.694736098803254
49.45556090731466
50.389369312388446
49.65165111086537
49.56973228920254
49.75782411145634
48.287528049241715
46.56181221772941
46.22056555683123
46.21712595913487
44.64072004723016
44.75338295125067
46.17010675091522
45.03966414582683
38.235843295735684
39.49135094905664
41.73342751836021
44.96479552605608
43.101776654027674
40.19859823073561
39.50753599607226
39.9879214666542
43.65214095540081
46.64836367446944
42.991846415104156
45.300638058523724
45.19609735234334
44.0646136504004
45.18247747422505
47.04046607787692
48.431410662459385
50.04907199633376
48.612780499020765
45.67859250872001
46.75972647865125
48.89945817697072
47.73071958203303
50.553043630609515
51.236700046893134
52.37153423350174
43.06006894089392
41.89568424515984
41.18458462884272
41.51579594571148
42.862818572889005
42.01312331940459
42.28712599207476
42.56346022277995
41.493569483777755
40.64627463392283
39.5456063741147
44.593882512773924
40.47669470241254
41.53354328701158
42.875189640174916
41.036369889025416
45.1030171316666
45.76646255351935
46.816793907696294
44.961370514378906
45.566979062106974
45.9610749866979
45.336041585781736
46.611813208161
47.45810596379008
49.07620436596763
46.67685548242316
47.04680056666875
46.9401515371133
45.69423030575644
45.921270608449035
45.959394490687004
47.80955741676064
50.03309450406973
49.983628917272185
49.57342332469778
48.314682671053134
48.84710040390671
48.21837980056165
49.629974772066966
50.04662432867293
48.89754422752248
49.98807262908288
51.22829251826336
50.20834456473208
49.199492898932824
37.225138319397935
42.077073327345325
44.39428490460588
45.58500920074873
43.14396768308369
40.38941835603042
41.020873022473076
44.80741129744536
46.98504236587696
43.27912897480099
38.51910064282484
40.98568606834968
43.50557097491989
47.887065287038375
44.21746475474502
43.256457208507214
41.840599410890235
43.111347462505094
47.894793909900756
46.119106448213266
47.210085731481506
46.43079392734898
48.64388451569118
47.36629274757958
46.51631697376436
46.37492117550157
46.62386650935265
47.13299248809953
47.26654024135558
45.67699300746535
45.09283379850638
47.02780098005842
48.67570926856021
49.81925596149618
51.71212527906077
50.919785875121136
51.953186099670035
40.91169023678812
45.10566331994393
46.25571273120188
42.93659194158598
43.93796367810168
46.058112278661135
42.788249487740735
45.23546651869737
43.88748586413283
42.99286131215276
42.276665204763994
41.388735900590014
40.013457002994436
37.99767675755282
39.119000683620534
40.671725460361664
40.516285593320056
40.26468226324055
41.339238196575366
43.643032711736396
45.01446567059633
44.56359292888161
43.670765022375186
41.533764871701194
42.21045017155526
43.14121503994002
46.84754939633503
49.01063926594797
47.57267766509935
47.87928982732359
47.970341527878574
46.48127104497907
48.69840492231309
46.331474980554574
45.93474104929338
48.700940243524144
49.18025202682279
48.120177431203096
47.77274284438595
47.995001147498996
49.39170922598461
51.217374468106776
50.634109421677
53.251837386267354
55.077625511116345
53.257419066104006
51.737867187453155
51.37302127039651
51.081859417414385
48.225345913365096
44.312051531579755
43.38653625175383
44.85908352055909
42.45552514004336
37.74710451193938
43.271836973043634
43.38580433396008
41.58324519734934
40.48420510631164
39.911746331584936
40.422171223729016
43.06487228146378
42.957850329381955
40.17221304112443
40.46720931852548
46.447383609422275
48.82620149902906
45.69171261085064
42.36218095131592
38.091661532862304
39.558321272665566
42.41192280491224
43.50972771159658
46.59357341218068
45.66041891258255
44.22203460590405
45.24004620193325
46.46724542014771
47.07841553299086
43.51831412319062
43.692780981142505
43.49283070977568
43.855812794843764
43.35631210884745
44.75225835082352
45.04726666186431
47.819546974821584
48.67221710665928
47.385301271317914
44.89223339754488
44.390768354943
47.29863657276097
45.929708268555366
44.57155569475912
47.15361190863335
47.06790889704327
46.449127365107636
48.70264836828024
49.39394307042121
48.11601166468334
44.89715837014847
42.43449614610984
41.094196234792385
42.3421681023972
40.69616933921069
39.3944488955102
38.49004313223803
38.15789744928465
43.647961189823405
45.70102101683612
44.494181723913336
41.05960055629049
40.082504529324424
40.562232140147074
40.29589688393308
45.20403668989877
45.95151666746302
46.195401531848105
47.253703845411316
46.35143144253018
47.39009633828021
47.91992707014152
47.256530918463845
46.49668881949791
47.36524884114879
48.30569757646535
48.90221519911346
48.4779749307333
49.22550568478947
49.021203300837776
49.657404423123936
51.253984252266626
54.120450340901165
52.091817074395784
51.18302181960298
50.93937695008788
50.09616993399304
49.07052071291262
47.12984535292662
49.913352356109954
49.46795805720205
44.29468704817864
43.173612227632624
45.62748170705781
43.23362945072221
39.68930024836671
39.58407360782255
40.900267111344085
42.27705905760369
42.243161070728625
42.797160125707464
43.784800373564956
42.31945346818626
40.93285826660817
42.45385820092715
39.202851849885576
42.248884112688366
41.54800085376725
38.69193221368973
39.247624367774435
35.45446525142571
37.725940566447775
41.529130251925835
43.77622767665447
45.64713970530406
44.51067103398778
44.8784352450615
46.771563609585506
47.322321234043045
46.28271932371478
42.50497952136158
43.18877675715254
43.96572046683508
45.00931921564087
45.35949695641376
46.321216019403245
48.59219951026422
48.323386248107724
47.54633612765025
46.24241721733343
44.224777472928864
42.62367244140771
40.99381419610395
41.46264490714533
43.42113405326394
48.99606245443954
47.42690967540159
48.78047496858973
50.3554760312457
50.14787306415123
47.917389352649074
45.48034241038088
42.95444877217304
45.47255877635372
45.85642858201837
40.43282041205019
39.740592774364984
39.23001794907163
38.73918571731024
43.177524852752384
45.606333107431865
44.59651933760366
44.8440498349503
41.12660923712723
39.39074340781693
38.068697908095416
45.777734409718406
47.779747673664964
45.46868323167831
44.84193695485993
45.20799629679555
45.710825718961644
47.0235824300103
47.57754600577637
48.80310081678797
48.04839861784253
47.91075159824374
50.20750114352323
51.77808071790234
49.332675382381574
48.51187384925689
48.521722728166026
50.587186405322896
50.833433060419196
49.116121610208964
47.14363329613791
47.29433527651476
44.771709260254376
39.50178446282685
38.273451454061025
42.04428896253607
42.07645504183216
42.74683845532365
45.834185826711796
46.63856152024538
44.18159453574634
42.28833842396557
41.7718361069529
39.12602292164649
41.22080559889896
36.143887819483936
33.93084660971138
35.35449686272615
32.32041638128271
36.50970631161186
38.64831138186061
41.15710522137765
44.229123139547
44.18260590264391
45.06876328759035
46.61734746391569
43.998246350662846
43.14419268808067
42.79215502642092
42.123201345626235
44.813586950374635
45.66802146614166
45.73310354219697
45.136410641154455
45.813064556279414
46.13601562711791
44.841563572917124
44.76521645340931
46.28605910087722
45.01818109773872
44.62424654668608
41.87520505511146
42.454642386392194
44.73359622289675
42.854371500696125
48.43405652995028
46.15736729127439
44.96330409406002
47.05642764523548
47.1277378381844
48.11792321594313
45.13947709833289
52.99146106877272
50.80644920580968
47.029785096807004
41.44677278614584
40.73272619045075
42.949492369803224
39.5507229584526
39.40009797944411
38.195399378303215
36.041631205324585
40.040303602960755
42.86665850183689
38.279520194717854
38.706909278345066
41.58125265669776
44.38919067194881
45.5877470108357
44.557983217957016
43.02413651862562
37.948518340582616
44.289886470795025
44.7367977428176
46.87259057397531
48.3337863387522
49.61486675877615
50.08893451706101
51.550740594668575
51.17260990885484
50.79672966384464
49.43828556908603
50.27083289222602
50.84044989272558
49.66070951763894
49.41374419398211
49.90379370539083
50.91877117786911
48.81306230156934
45.770169585081824
44.102126818437846
43.095151695838034
42.03952992895229
43.85289275367653
48.52857434956742
48.08983589727616
45.67746960198132
47.049194388197684
46.34066270350932
41.57810546294786
44.287833659491604
42.59624847802694
38.277065909071126
39.22311995687286
37.91737657965627
38.693740477268136
39.704437197001035
41.69286114441713
42.95125259529248
43.686609266191645
46.47617715002675
47.99492030730921
44.804660369163905
44.26077272051057
42.69227226471004
44.245840812084715
45.159996671910186
45.41049790037688
44.36168466121471
44.86011141226079
44.57205909800137
46.59492047653175
43.32519144821825
41.43080253020014
43.06912133568277
43.79844879932668
44.8969920995159
42.795987533663165
43.025344082211426
43.39356029783432
51.09068798814106
51.77006926371547
49.094383928327375
50.39763925310123
45.055131258700264
44.55952795027113
47.94928717693474
45.12615284118603
43.6516202926716
43.85281087101771
46.51165667026801
48.6497253545416
47.885090903514644
50.97847959044198
48.675499958767325
45.43349834790005
41.56484549024886
45.16642931190449
45.270921290178606
36.43918398393554
39.61042797266677
38.69786092562371
40.767792755463994
40.97885592075795
43.65854460736022
45.47533976698006
44.7150320372076
43.56750750981987
43.0814600699297
42.89986874618725
41.82371408929111
44.72995625135873
46.882589787231645
47.17378503609153
48.66792569483942
51.33229194186609
51.636756476182825
50.793335218551185
49.65792640891213
49.95957168262248
50.72534071225413
47.83807288701687
47.68992784144403
50.33055812411392
51.19745768958802
52.111421477512394
50.17916295887069
52.048938982737525
52.81339090335836
48.68396256588336
48.53801686327311
47.73891486582637
51.74805957643886
47.761922826576836
50.93674442036758
47.684102933770944
48.2282095060538
48.89618445555573
47.101900317275096
46.683791223400185
44.3046520377303
42.38549298189109
41.30239927533725
42.06404710272221
41.477420683910466
42.76629577397646
40.629812102728465
42.36703292771511
43.26655837593585
44.68531372227091
44.99546302597299
46.4968424553301
47.90531491717628
47.16486989343949
42.63644725814001
40.86430117576829
43.23836586357965
37.4755293889097
42.90388500072456
45.021942711577374
45.77715278909483
46.55090256044621
42.29776762978128
43.31353793981825
43.948606401539614
42.496426224488566
43.95909595777579
41.98552910823863
42.68410633449146
45.66885940242704
48.86644201470466
44.386598059878565
46.367653579169186
47.698165919841685
46.85830849032206
47.47636279895058
50.35589244589895
49.40759034786575
49.36302976626731
50.416616648141506
49.68693368840135
52.55486505745913
45.30252644271586
41.94477188976127
41.96756652814529
45.81502620819087
46.16141932388096
35.36810566662065
37.895135539750335
37.969978996984246
41.2851003908713
41.99422724925504
41.80420659683262
43.15149177961189
46.31825282778227
43.9225639424167
43.653712907060395
43.832710616218776
44.95283554744313
44.54384658047798
42.99976351433712
48.53801571859573
47.77256736262631
43.65630099829222
46.894812028686545
46.38565139419421
46.590315187399696
49.45950828591851
49.25225237784474
49.16145290489093
50.449354721493116
48.19330767391575
50.08449394315959
49.11590587089797
49.12485802022779
49.673992224128156
50.32814629817618
50.96051390392285
49.58327506850984
50.975453780662455
53.51112973603331
53.99589573726836
50.87528270517714
48.90825505377736
48.9188220821682
49.81501047714639
51.70733475502145
50.25856046798545
47.302593173975644
46.261397038127
44.54616057313575
43.6030700172682
43.780229536587605
44.63292443562533
42.46338362742982
42.97014264672878
42.817238137866916
43.128787457961266
41.75106024390381
43.133304965230465
47.28398951760917
46.18611619942629
46.777904290785074
48.468026428201895
48.871933044935886
44.728329024288136
42.31363249892055
41.1103226026131
38.287312989715986
40.21275274655314
40.62249351574231
43.723868187059814
45.39906090459867
42.63611655472888
42.94505155707787
43.39892762887836
43.458005016060135
44.930171083700095
44.818621258979285
43.818247519728786
43.92503103902652
45.38602378254317
49.79841902077301
46.13257219019578
45.827979569849866
44.89515492763348
42.59362602920813
47.04242006491095
49.60851097886509
46.706244448172015
45.4084664152797
45.90047282929354
47.255701614954475
48.712996272827674
47.208786571939434
48.81632468667485
52.20880289535422
50.91327053427883
53.02173444282833
53.89775315558443
47.82118779508212
46.50381577772262
44.390116740932605
41.186876065919215
41.66147234350718
46.435173807409896
38.839204595647416
41.3803501987713
42.43374021705519
39.144895832774324
42.62909144666019
46.98387683228432
46.6200815474484
45.984683931942605
47.93892925129828
47.19426282290355
46.52962543594641
44.284344489959096
44.22861820517446
44.717315404624316
46.38225061037029
43.9263364745333
41.488071810780326
43.556566643297685
45.41143430311783
44.93554695152894
44.90127704371491
45.935705362389434
50.004643871186836
49.4104055478845
48.62946756304678
47.87554466418012
49.2510655034835
49.1324048113671
49.125728095073605
49.80668943369667
52.02633818309777
53.76256569281949
56.08355221251388
52.54701944074035
52.47761281859704
55.79534221437701
53.876324602602025
47.9339780077012
47.774437737395864
46.7281765316697
36.51586981164228
37.39390575386322
42.57383709165805
45.02301442521957
43.292463583215344
42.387648132797935
43.49698969556555
44.545531829808226
45.596953967536045
46.20198942590718
47.496614908918694
47.34257744522943
47.69805213721257
47.32648397773075
48.06927320291864
47.61697838697811
47.951063187439146
45.456147116156004
41.07543345649303
41.940051806915484
41.05493808066046
41.23164387714863
43.36607278388157
43.72173698699644
44.749635827923505
46.06717501132778
42.46831025186649
43.362168947933256
40.94964841855503
43.13214680423489
45.99274128442196
47.09329750394644
43.70034660015248
42.78351778957812
43.8804144513783
46.438153058544025
45.44458715375996
46.07314795038181
46.912367998604225
47.36868900822496
48.19519017933723
48.801701807279606
49.81827107535388
53.23327791473843
50.63034305200741
49.114748398358785
52.791062416662854
49.600431672847925
46.745646878969644
44.78545239120987
40.17465659775534
41.409404501899395
45.14724055097862
39.90968067113037
42.07537088265605
42.52920149694281
41.98128105823161
44.53321199782817
46.43262718062267
47.188042203819265
48.1530044286511
49.62350663104516
48.75036847496169
49.242413011974186
48.134759998169045
45.96085035317144
46.1273546858119
45.27289230099789
45.03462166028462
46.44866141376008
43.933408960811406
42.69939956585597
45.665491393966306
44.488826721089296
44.205841799441494
46.147705370014535
47.921137730085164
45.708829472234136
46.457096213366604
49.02285581942144
54.540814694626086
52.62289417765831
57.213186578265535
57.952159328333465
58.9254309664588
59.265630359805506
53.96291998586465
52.85160356862433
46.859446346501784
41.96980483651917
39.9450591236151
41.628427549091214
45.34096361142357
45.35963691106598
45.785099526011315
42.8545772459426
46.18182272843753
46.74779940729772
47.851281779418116
48.22267084321452
48.16554816977761
46.50399857216206
46.691992369658266
45.81942231654032
47.01269485489112
47.69861214292336
45.227037666151745
42.38648555883767
40.18609389534551
41.35994755174718
45.04056679813522
47.42667913852484
48.24717283922921
48.18826220878136
43.56699981126842
42.8279670006061
45.08331645331126
44.382190637738326
47.038064254665485
47.30108055760487
49.09374954876444
43.51459744197072
43.634700311710866
45.574691712812154
43.90841934683164
52.31656883466705
48.308720956382516
47.408485064637304
47.784695355281166
48.08970317817325
47.89044005202374
49.367301002012105
50.0547015378991
49.714130980333394
45.24238106639011
47.87743635397305
43.7794059192783
42.75095576364841
43.837862536106705
47.73160790293905
43.61925972675497
43.999205380922604
44.79251813717922
46.553956969802094
45.859601191870986
45.680570004016815
45.379276472433745
43.67048411389714
45.93921703029838
47.014873410700716
47.35767762256401
49.517815600086486
50.055925224033
48.197001028448064
50.01848408222003
50.349061084197686
50.417619613797164
49.34378926987354
46.96115969237686
45.104331272268226
47.384954118997314
40.891644569803105
45.326273789380195
42.86616852587648
43.1801657021241
49.22616364874471
49.51236661182584
49.36673994704167
48.21495298041187
49.20621957719142
53.2025519813838
54.65412862563653
56.6464585835471
53.57805887514661
56.26917036076153
59.86416929637119
60.159787353746445
56.4476281109049
54.16125689792615
49.818269737702806
46.568003004774546
43.83093661238975
46.36379459557379
48.05582102220963
47.39415911270963
47.52259512656852
45.268676911282974
47.71392653990847
49.923234210729994
50.96555083901294
50.4176590866044
50.689357580926824
47.59306494072674
46.87266761670996
48.65491447265847
47.82010413159519
45.13325194892583
44.865731555362856
44.64855827891261
43.245560252570954
46.49686682627638
49.22656516747985
45.225139491935614
50.76947854916151
48.19060438809649
45.87485731740026
45.70753304298383
40.40757010969722
41.06232272615254
43.559409940819734
45.25066968287377
44.27264978323947
42.17768461259319
52.64019924535328
49.89989947236245
49.6433287931211
46.26202153896868
45.3533187917595
49.45017417825856
47.59374363306535
49.20967837727382
50.59237175562254
48.448530122135246
47.24102696199841
43.07581706344903
39.411573782450695
41.43952339827515
42.76732962602686
43.154918992984946
43.092148944372376
45.7520411855518
46.31669985503859
43.85329245245255
43.251067353385785
40.64665846041723
40.30468903011666
40.26563075274973
39.29498085767294
39.14197701907462
36.08287901163469
36.374264129926935
39.59136348424233
40.125488028545846
44.309803653526565
47.79884347316339
47.36446027663385
44.895361269372884
43.12304129224525
40.8159618093507
40.24129557706299
44.991777687114414
46.203914530239
45.06299673489522
45.88093877074168
49.20663598252533
51.044019630822525
51.574902336982625
51.87196881626739
50.07801013174991
46.783214034238895
48.53946158200882
45.7997116585441
53.46066427572822
55.272272441506445
53.24441091286884
51.62340380433608
51.40233272267802
51.66050984306094
52.29726973351746
53.10613193912578
53.32070658770631
53.70692916092503
55.289101136299344
55.94304117913167
52.97269099378232
52.30493707632564
54.606162431229144
55.35106571556924
53.22352788768491
50.54775547184985
49.46754952313124
48.679756928389615
50.959448501476764
51.325706799793444
50.8932454807209
49.543505223411266
48.82155538798199
50.199443013434056
50.24380772362951
50.182976140926534
49.71657359098654
50.561414831470664
51.933680018448925
50.395989491267116
49.21819571181273
47.12908411755324
43.15547333336239
41.96240799618439
44.06638469927329
45.926968430072165
51.3062554101704
45.24450752248762
43.87033700246858
49.87705485850457
49.45517558903945
49.477196487224425
46.00679367134652
40.53776941544056
41.38730298912915
41.23912471674325
43.70007925151302
43.77156244879101
41.71243973309378
40.2592762241834
40.72271195670828
40.219909554736454
42.81959860912632
52.51007159769159
48.62780256546018
47.84299439311846
46.70069948127649
45.37772921367822
49.173604709439395
46.77457228927383
48.65609763804615
49.60862767936112
48.518556544945206
46.3348471291962
45.56080120436994
41.957454812740025
45.017267574504686
44.164467839828475
44.1195931642276
43.839014548291615
45.677438303983905
48.79489361530411
48.496788203041675
48.67579677449919
41.19351563307066
42.43913378039031
42.4095508563332
40.95771962021041
41.12711542183744
40.66285784013913
44.01424292543976
49.351710493049644
51.931196088684885
50.82917649095883
52.062241857625395
46.66903654336609
46.124380128835405
40.91513709172204
41.0756618344967
44.76384439921409
44.55645156425925
44.34203009794879
46.55693108172909
52.014777885745076
53.37742239655204
53.06284855269567
54.245324081790855
53.18063138736822
54.083730649745746
54.75707432851463
54.613464174820884
52.43805228243548
46.59128500937575
47.729454131904305
52.54194568615135
53.18249704621472
53.85762778283473
53.788308754283264
54.24828687136195
47.00714224801205
47.3820989425636
47.84040711182993
47.11298179903066
50.598194388553786
49.396400633483346
50.40572599422567
51.23844824970571
50.135398697496186
49.336788929248556
49.487864801759386
50.608488037399475
51.49371960371797
52.24860184643164
51.9596380517871
50.797802191154425
47.71195292388216
46.818369399045224
50.482989470137134
52.00456085322403
52.035655670238235
50.21315160532565
46.04179162201434
45.42733632121994
46.79586051717382
53.94537686924625
54.400693379174776
48.51688816887515
50.59096286097096
44.07716140568914
45.668847262898346
46.63049305244436
45.513172658488784
44.766560040934614
41.09886960671612
36.35906609569807
39.28850261458885
40.61911536104184
41.850116443413704
40.11453265666809
38.55192543662608
39.655366867766205
43.108744427498436
53.08359187572622
48.320660648823626
47.204441247373104
46.85872362339153
46.220548291562466
45.895432048795634
47.63118844470014
50.67397044476557
49.415221761303805
49.951662238499864
49.955614232578526
48.96278840981023
44.92038557144701
46.039003025779486
43.64084623370352
42.87554812386416
46.71458483277606
45.697883973072834
44.96084397913387
47.02554959607345
47.32399864385073
44.68688887269193
44.51968030366681
41.033449347469066
44.10821305049256
45.38797433022865
42.83654220158817
47.61564604769805
49.63175098589571
52.055906694986476
53.12013505149325
51.8806269494448
53.28907063829145
46.92766913327053
43.55886050676735
43.2720132870346
44.99914859857249
43.29320309282134
46.350832813661505
48.19417420054575
45.76489049891087
50.523819169308915
52.690900241366315
54.454333350831355
54.124481304044764
51.40417768748753
53.35106497233308
48.313078871378124
51.037755193326284
51.77949332900325
54.79430836096195
54.256338174557186
52.59575128603234
48.80413078098097
48.16849065759609
49.751570355129466
51.00609186070811
49.76448292136358
50.825635614368665
50.710509752114426
50.92895615807351
48.253972261221804
49.479220016237186
53.89801072108918
52.46048081603325
48.212459880095025
48.78136190129129
46.64723028222366
47.91644348742145
48.55441433726663
48.437208749322124
50.59509054810568
51.9247676129189
52.43355426116484
50.96826903301109
48.84569484179249
46.68087606258593
42.93691037402488
53.09130648118337
54.56426639262957
46.068090852928954
46.01895003343624
43.06743970346357
42.744567346910635
43.68870030534609
46.49340353867972
46.18868966894229
47.80553206955196
46.30846233839542
44.0185165067511
49.47325988372278
49.22940574936196
48.136192956619205
47.64062226202203
45.55155642023126
43.22906617881756
41.8065647034631
42.15490419598582
41.936285629212136
40.93632557914948
42.22335687439143
43.33646659227641
44.61466441985406
41.422695682067754
40.6231187151162
41.249151161003795
39.38365070804593
39.83414184863716
41.387777821252605
53.12423488125434
50.00915113553823
48.39230349947176
49.3143465311313
47.805988298383014
46.78752691712767
49.47036341150834
49.02418346403879
49.56928011858351
50.050614945323815
49.3431923400767
49.177559854062295
48.68606433221727
44.19744711223212
42.826436662260214
43.82756143391374
44.20882817146938
47.871936512777836
44.288565206698884
43.294944542243186
44.50047414338744
45.067949977649114
43.666277920039114
47.9938987291896
50.88433019798552
44.49076532940477
39.05592373889899
41.15575801264056
42.51338821789405
43.96453587618152
50.089483782518165
50.07221295410972
52.40771195994585
51.121542892382294
47.03554430499693
47.23086881372723
46.629654466905436
46.31443171368527
45.43607542676573
47.383301787581246
45.36115997088911
49.18106607318366
52.03367251830159
55.68979483924797
55.92635355209912
54.130419908786756
55.27330992377459
56.9094995665798
56.353078105816
53.962653621779424
51.54839884115194
53.56110057380456
51.67829914506427
51.25935491348842
51.446359513678296
50.58404302003397
55.61668493759504
53.23860042262323
52.624392925162006
52.21670049915914
51.52473580976701
46.38015663258198
47.075667366779065
47.665639521823685
47.27606761402516
45.85563349338846
44.778378768399634
49.35486221212318
48.35499681844808
48.03152764177141
52.72571575770888
48.318297733746554
44.20132428882907
42.346075001199516
44.00919781749167
41.791251330242794
43.53794340408416
46.474928482381515
46.92326999269284
48.8009448988469
52.61305972401908
49.795172026235655
52.47253212287126
52.22527949113299
46.03502845843422
45.94915228511614
46.08983439448468
46.063922354346765
47.31088118413926
46.4305839441432
46.15393678719689
43.95323176136482
45.646738979727886
44.21466810832634
45.46482356464555
51.54995909288691
50.145190564542794
50.11413867216197
49.246817128166974
50.63231193988133
50.65529735556116
49.54235048939257
46.6331708915968
44.800518710573556
43.597937353105394
43.90757796463492
42.74371495976584
45.71714884995309
40.73748234258437
39.386449185429655
36.040844269875784
38.93885231606221
44.48189419089803
40.50540738998463
39.74958329518816
41.67433819464635
40.59499309503539
41.55344936427125
51.80808415195816
50.95955424639314
50.04801082687534
48.78622981085628
48.951653335518614
48.59894822834362
48.873552676337155
48.05092168357563
46.83953103778331
47.82450539067969
48.1235403739051
46.89942706779672
46.730999609304845
44.727923317942874
42.468170061076755
44.75867938941652
45.46950663816193
44.72557077058176
46.97344243044634
48.44921044532107
47.27920112380376
48.410900641410215
49.059274383563555
47.75699477511406
47.97322224413889
41.72910863190662
40.33801736059265
40.38696781493961
39.24819741514901
40.164955118230225
45.19278319297251
42.867100295266475
42.08798850488981
45.07243098926335
51.05595513786225
50.91857014069415
49.76302991869327
48.00630134702112
49.13350840729608
46.282202029681265
46.425578985340046
46.55834833592741
50.805949014259106
52.0295884875749
56.38249918449955
55.47957055617369
54.43241759642075
54.0005421531501
53.194904021998724
53.911621787969345
53.62645787429268
48.628397801840734
51.81940467346024
51.37793866235423
49.52759125096732
44.964427317826285
50.57610879476007
51.45436341678526
48.82147172637415
49.51916546368785
46.87380510677219
46.330767225550595
46.25629493493487
44.24813309298496
44.28714208963079
46.68788714068213
47.88954160257536
50.18451606289613
51.65812661287574
50.33910033918103
47.56164902388203
45.30049252534782
40.61903612360299
40.90935176894349
40.31115876216127
43.42727743958192
45.793903603715584
47.05578749036364
49.50928879209116
49.79185159761744
51.69617192899846
52.01911800450058
48.343479669893476
45.81705041245879
47.07125855230577
48.25137122725955
47.78833784965219
48.676466293124086
48.523863531040185
48.173703229570435
46.84227899677867
48.004029888978906
49.39558087542796
49.200464718912414
47.817873583575306
44.91569221653269
51.53233062565921
51.73326503077787
51.65827384850167
49.500166584214895
43.39007242495071
46.08849499857413
47.375188644860934
48.67160623833115
46.46825780924985
45.10441666783098
44.6448482621364
41.69121656632369
40.48941514404747
42.506476850688145
44.16554657623274
37.41294733201986
42.980679963279734
45.30222175952711
43.845593010027834
51.12301833116739
51.39837446506569
50.13167597729745
48.78053172181216
47.322416203157886
49.23414496228724
47.808590961942166
48.63023023464107
47.19962141701378
47.60298289360975
46.37733540953636
46.01709783773986
45.73293341407248
45.25977659569604
44.800673120633675
45.19070499769907
45.27906635587172
45.70043461230373
45.259585353351405
45.91642297787247
48.94854831470073
48.0076390539006
47.66527414405128
47.04649944611396
44.140561747687016
41.03337931248929
40.17505104958318
39.82362760605536
41.25441885282893
42.834384616011604
40.24193763758123
41.34006323980287
40.192501645297426
40.763155757096186
43.50076628543997
51.898270047934645
51.25881317486076
46.62685056193968
46.305050869321434
47.79800174866142
46.76147080993744
49.2012830660795
54.35084914384483
55.94658958106687
57.19759905385552
55.92217750478267
55.46594565375309
52.16868795042773
51.50621362658958
52.06201018687134
51.32503755758884
51.42502426250308
52.317031794758236
46.88696872615023
55.08484903425931
51.61555012569578
51.20860199378833
50.50142939147361
48.317564712988606
47.00993435972169
46.435491999807496
46.31214633417738
48.98552758434604
51.07127000870307
52.32448858568056
53.4790772741005
50.377753722123266
51.301704203597744
48.11678899582993
50.33321719651442
50.39068000407664
48.090231195181985
50.661838444883614
52.821157928299776
45.25974076275178
42.26250030341832
38.85188984725016
44.80770659650851
47.584804361964956
47.64640007187175
49.04637549572688
51.10956726536572
52.38316378696019
46.71813657277997
47.20425112229235
48.291069031095184
47.81643570142033
46.95932435673587
48.03189558624351
49.82977006663935
51.63026498769475
51.68277416927722
49.82238518126571
50.9276600636474
49.90782551048467
50.29204450070059
50.12568621326551
46.076061165807026
45.13683137872755
45.00754289572643
44.437813528588244
49.41458971456623
42.73733915215874
48.99289844531191
50.811958102445324
52.512029562563015
50.4504273307643
48.6458581025016
45.184486654401994
44.74449457863535
44.51691808470598
44.00753215137381
42.782236744995174
41.525746879309764
51.91931537353936
51.53570262831993
54.636434654963836
52.43911755022613
52.23196689715285
51.7081341232753
51.180456645357424
50.18882778362472
48.40286483005876
43.59946845640619
44.60525717214864
48.5407050975122
47.312656982459984
46.70343721707733
47.35590823944376
47.103671637380764
45.394480361492874
45.86666772173943
46.30736292678814
45.81718097660561
45.213433979867226
45.71043089297991
45.59557760360555
47.341010323362404
48.77685614998783
48.56025457738185
42.976870372704425
42.932993748279394
45.47101949075939
44.19869455293292
43.20581512378532
41.106333411429404
42.7118231787803
41.57231918392912
42.249375390851895
42.99984021867291
45.27965467197366
45.049233447597274
47.337842854250816
44.882029658586944
43.370735508518806
44.00891733206666
47.571394549135505
49.7817626346461
53.703526832055296
55.31488422422639
56.268341053277425
55.590615591380995
54.45929118401545
55.30559225647254
47.45941630361701
53.899251693986365
53.07207930182235
52.45119321767461
49.96058603844364
48.91318993874256
47.97260933515165
50.78034962640093
53.15214980472297
53.59302072399321
51.44639582022974
50.843783615928174
47.756999080190774
46.81659206556638
45.59620819369142
45.55251325924112
48.09185535490593
49.35855836609656
52.028859085100635
53.66491304327715
53.970246936030975
50.082746488898664
47.408586924232914
47.17354344710022
45.82839697265833
47.268939647050026
50.392518638075074
51.82594631853221
51.20926863081112
49.71972710571521
47.64181391843185
48.38422818065298
47.46674381003043
50.158212266280465
52.9024325920063
54.52303554953569
48.39060974449652
47.393593226773284
53.55131438500839
48.79383839430104
51.049742380219264
51.610378356100604
51.48861127412138
51.90720186611795
52.763880954668906
52.58419308162119
50.98503812918242
51.53521910397663
50.62940294800234
51.77414085410556
51.54428293340184
52.24396625293461
51.58324273978172
53.8157233550621
51.248492800976265
49.489678322374026
46.029620446482795
47.99994232884557
42.01590068598269
41.34793052531168
42.51776197485842
41.219659900654825
51.37926130470119
51.40320872719963
51.27264383528891
54.570932490678366
54.5493155009401
52.96507737793157
52.756191143350826
53.003223107613096
52.895914678252936
52.862910137230834
52.26833892211515
51.01970789151468
51.5772215577828
51.232687970570005
48.227094272192474
45.31395075201994
45.16210401787301
46.93861682622901
48.295669926457286
48.56353596665145
47.235805252047534
44.035826604069534
45.624088595213784
43.53444932746882
45.887568798911595
45.94692841586233
46.99026239511188
47.07845043362544
44.77843523845589
45.675080634009085
46.759027888212614
45.290954756538376
45.5731348646675
43.59671014948894
43.12274689271136
41.36918151913852
42.541303803647416
45.57711331535377
45.808511459023435
43.8707868198448
44.185170701321425
45.16863974246427
45.401983561568116
46.966202188599034
48.132312844431674
47.06451645989584
50.85945594581386
47.48628630375208
48.02369171527218
48.86164851285866
49.89130054109069
56.4619979215719
56.11860490763529
54.078196508344156
54.720047043136354
54.045841080513
53.79319411017601
51.148761785183716
49.68597241710181
49.85059804539093
52.31634304177082
52.833526969614404
52.70084502086455
51.59074951977182
52.54426936718861
53.54400058167166
52.88700347228227
50.71271940201093
47.435921580773126
48.40385475084504
43.04913677435914
45.44304291867479
46.499583594730744
48.401398996589975
50.33058730188137
52.63599154341879
50.65974255269521
45.45457548950515
45.19759931305213
45.831111129122334
47.101032758970646
52.01970595824551
52.119592916353746
52.99427727553248
51.45025567265685
46.21875440084711
50.74632977504574
53.30083396435888
51.05520816561456
52.278624987916714
53.259878502756926
50.1277585658501
51.28074683443364
52.57097092301812
47.63475793050645
48.66140410983506
51.555888073431674
52.997737630670365
48.00343882846766
51.92702427201408
49.294482866645595
47.62832933781509
54.261164278332096
50.589728859354715
51.648855281346826
50.887604224448395
50.68056705488407
37.62772643611588
51.198830332721066
50.11585780448605
49.852672846537104
54.30015366776149
53.619943419756616
52.59826446736468
52.90564833197196
53.04915811220942
53.19246829452991
52.97814668461306
53.3932941486986
52.918038493554214
52.62650539138062
52.51069048324793
49.92036920251558
45.71954890214435
46.347962353446775
48.71868910364456
49.23397478571058
49.74314155428052
48.65433513436989
44.78653891701558
44.097129890236666
40.414947688606645
40.55819255941357
42.9201460169902
48.30935738034037
47.52413943662064
47.80234979287082
49.08990108842079
47.0510158329237
46.28220747642172
45.48306272403165
45.31876255834938
43.469973542514985
39.118685388074894
39.46151106107424
45.22923711983597
46.24110863919336
44.49869104047207
48.169883753528296
49.75698460020904
51.898600824106374
51.63226849812714
51.94183257500883
52.4546784514672
52.51899002331257
53.192041355219764
51.4766944650584
53.64865084596097
53.42098474821611
54.56042510062764
56.43351440833507
51.5175510936882
50.10844438527977
53.59774886334235
55.38451513262589
56.80581278273155
54.98622260807904
49.92572464716478
50.404308069835295
53.804437472247365
54.387180230337876
55.75402209524578
55.61530889853866
55.253933957701314
55.358457344990825
54.865341518194285
52.499020370226624
51.63950874595231
45.16064932575414
44.324471676596666
39.36015148012016
50.22696769356464
48.22991799529733
49.729724845963695
50.19195272648709
50.33856065190079
51.94490990769624
53.38811285468787
50.01364458627839
51.22026799318802
50.74036764810342
48.92413150348927
47.588411963781525
45.562840052153646
48.496734351211906
52.6723917992727
53.97856954320596
49.65261591470652
51.754456594102294
52.78254950469024
48.342108666554545
51.4814681429102
50.50434617381748
50.57039567001592
50.205230625971176
49.75461909850187
36.970155491169606
36.57351853957776
54.12223034983001
53.00917718616937
52.42172977778782
53.095951606703025
53.17301641381194
53.241390237938774
53.675562032887456
54.03297579035661
53.20261804233181
52.52943096715047
52.53566797698212
53.09561840637245
51.03220074874652
50.06076941874123
49.66436400503297
49.409639193432135
48.56803009357954
48.252348028103896
48.15709385035535
42.86719447896362
39.31184792845901
39.6834204668535
40.7857620444645
46.0782398426567
46.77501959330654
48.249968738466364
47.38182972281734
46.703009993430484
47.282154496784244
46.90562541444448
45.42923471867356
45.555831035790995
44.14586211372244
44.782394401894464
47.464435490567226
45.75600137053276
47.76985112543101
47.51358115303102
48.87341111352218
50.933773927143285
52.67415160630939
51.835273158677744
51.39878978053405
50.2589915567662
52.516980362815524
51.23772700815277
53.12565651385188
52.752696863934275
56.00868399732924
55.18562496627004
56.13423515633222
55.30432915054848
55.2899945998049
55.68690728230653
56.66921215434826
55.691819199973224
55.02196187345068
53.501814483962924
53.442588500278525
53.53007752743482
54.59514328197086
54.640037130687084
54.276945906839345
55.85370781218329
54.82834969812358
48.78835924434054
45.497675332427725
57.69812157580974
51.79044372519169
51.42930525082382
51.51349341189759
51.4285223789281
48.75703463679657
51.4933696695047
49.154917672392266
48.957557155396664
48.625530612253385
50.14072556056216
47.567529446354555
52.0147889593945
46.59480841699326
50.69916261925993
51.39281030870039
54.26880549482992
53.18040166041403
54.8587591818392
52.58230217749038
52.13314202843801
50.96633367528965
52.06260816596544
48.982635590856034
52.16247876752042
38.03623367507246
36.6605400793407
53.10652644560155
50.44315013945692
49.603580314169136
51.22761390789225
53.23359928822826
52.16082020601977
52.075031832779445
52.01171455603435
52.27840268120427
51.84155857811486
51.967420827136316
50.57435974699593
49.13113565842269
44.970200007669305
45.04754893222627
43.75602261307473
44.04804588003594
40.52162109941502
38.22401884918329
41.55228495074131
45.17628711918642
47.7341926600849
47.16552089865203
47.88373486406208
47.54729405879817
46.69980315399004
45.144105612013085
45.5443826471186
45.1084706973094
45.46085854360873
46.70024621923212
45.2648347187602
46.54184619503563
46.695543833245104
48.89010731039006
50.76585808550608
51.5936458645228
51.22746603292454
50.47678496223348
50.63026719388712
48.82097352794137
50.70228232980645
52.589520162829494
48.95321382309876
53.38583659859422
54.32021409884923
54.37397226486786
53.90359175971087
54.97601399197599
55.9317710633881
57.18686945472216
55.7085774830185
55.20910255773391
54.18970736357206
54.6383341491841
53.80804737644373
54.41890637724289
54.77835993751217
55.781529343564245
56.24484196358889
54.155850801761304
45.562094680329565
55.58377216307711
58.510700756032875
58.55174713555577
55.31722959165386
51.08570607096876
48.55247676762638
49.25576819280352
49.45644419405931
48.19215683852168
47.718220009704794
50.30011342632152
47.394879466376345
43.04029699534215
48.96336663898229
50.69637854402386
44.33860954266466
49.835223560340715
53.4340008854642
52.59246348591245
51.46873352570044
50.956354437645125
51.02572350461202
52.59701432468196
52.55497240616087
53.085377178040346
52.114418411932384
53.14534772995211
52.16202426924558
50.18996333976994
48.74574419208723
49.47938877614867
52.725907897464474
50.902416327750245
50.77201088972267
52.065020942946276
53.35422301181869
51.823807801690975
51.89631029000645
51.967797278731915
47.832363813199834
46.58412143884426
43.94662699254357
44.64824717968422
42.23117097268204
38.06052473892594
37.92750055376583
38.621448727918434
40.956320425724826
43.27026215097347
45.396479007139725
50.364615597244004
45.35558051757158
43.80517865594586
42.12400652622031
42.93330992119841
42.873017086204875
43.55464083337157
46.56567954574087
45.26807874382318
47.627101981639726
44.77868701634299
48.191930421886745
48.6827297714212
49.024914762814774
48.81054248641258
53.46965937771023
53.170881891137604
53.76324670310603
55.24790752525041
55.3061374647074
56.162083856210174
57.261960121212944
56.180168555521355
56.26732247118444
54.97993591104352
54.47012271578442
54.77592438696555
54.73390188101419
55.31636277895439
54.97945817746817
53.89688883280478
55.252593545342066
45.416000579551394
44.68303249926794
58.82083078649278
56.08432063355933
54.57191921389235
53.70505533538411
52.53827185241334
53.3522613053607
51.37971184967392
53.02012761196805
55.17529100510766
52.21801239315652
51.18503679585986
50.77859002166789
46.979852391736635
50.7350933763815
48.54192846764095
50.23105258026121
49.72561698924888
52.12448361256683
52.592660129404635
50.823566142844044
53.445312433190736
52.05787175916953
50.581245933282275
49.97199773972067
55.73256842247559
55.10063384586454
54.201480234389955
54.22648844086222
52.89791653947185
50.661673562622994
50.7039924712291
50.05361363817726
53.12360698531198
51.98861510626807
52.26116356071393
52.78236391214695
52.970770520904715
52.586972232114476
52.74479622813482
52.18856140946606
49.84598557173127
46.12136296885347
47.21937028871916
44.9728363500202
42.61296547370067
38.454132765301146
37.617675691938075
38.66935570089493
38.857756670346674
39.1907623472582
40.04594184564654
46.36635496813691
45.49055379865833
42.61947952518667
42.564850513900254
42.466201868806316
43.873719988857964
44.03136292540561
45.15356711067315
45.032892795688724
47.40266360708369
47.03348648563751
47.661642258754966
48.10212259312561
49.89514349581913
49.19432231401611
49.803309259516126
49.906210322851095
52.32527626406417
50.82263742293308
52.17632710464846
54.002555319587685
54.079809988543
55.5777076871655
55.14362207224923
55.64180372928179
56.24307082564802
50.64381414060469
54.07715519144692
53.66368486591149
54.97172016360295
52.0870928675847
52.10872099339845
50.01442950052238
58.75674855945432
55.33346802947672
53.27682256006337
53.63263128355742
53.41310666181694
54.48141683816288
55.92029503976271
57.21130994099724
54.01350318222689
51.658385144831186
51.48067813454899
49.58422235036022
44.99036262803619
47.70854434481539
52.124825504726395
53.77792653593023
54.17815320420374
51.475703496831
53.03900194758363
52.285208956432704
52.895472534644504
54.3462359668047
54.59175255598045
53.68865111847922
52.30555045005597
51.115508674982664
52.06188066838785
51.964083084341304
52.2551061240042
52.038734518900135
51.73952810827158
51.379608111278664
51.10026929487208
52.084835277800856
49.67712189956572
49.74130727408515
50.82901783357616
51.28237146207371
51.16034475411532
50.17368768245089
50.38168644344859
48.32874703885247
46.63089881094755
46.83929381329164
42.56999157334132
40.474289901362866
42.10100282586878
41.067115884888516
40.227198883964576
41.7204229086423
43.54188125049274
44.56814687477382
46.15626010498948
45.935412935960294
45.92876986527167
45.96333727089158
45.392977124141375
45.61309486527101
46.04041710020498
46.60058296268344
47.230556565540375
48.30477138166482
49.58022391456475
48.284511338607864
49.66238566914795
50.4976924708404
50.29820634597699
48.474018499745846
48.75569226499408
49.57529775745225
54.07192993425351
52.721351593058905
55.912555611833056
56.4034575922634
51.55877752292434
50.22243897137713
48.68038065732676
52.69417344142394
53.23335404037621
54.261624793518216
53.33791255315186
53.88027062861267
53.47722758538631
56.45399571065131
56.1818698471844
55.01768694231652
53.543871901327506
57.49468993571696
51.804296564004105
52.530978710236404
48.99215671777261
53.72047664678429
53.63544856944757
50.387862776895446
45.93869571865441
49.86920246802804
50.2024252270795
52.372152444221044
56.23660418296384
54.01671227215787
53.36187135793695
54.97401613497885
54.25088004319072
53.09168942397604
52.71176571937774
52.83207547618348
53.11620314580118
52.97056690691435
53.37680903568751
51.668028887372046
52.2087130283675
50.653138148909804
49.42062857690234
48.70598860230068
51.05286927720881
49.31938987909895
49.39649331514501
51.01485859232904
49.93938637820599
49.87370755709284
50.552968208719314
51.073354305944385
50.764221046064776
47.788277348606236
46.623100757589484
45.70205005352028
46.306634298844195
45.178108696937024
41.85067829161866
42.39706602826975
43.06431944757874
44.54357340806566
45.686500239766545
46.55889007340486
47.39091055835951
49.10876606168687
47.492787775313865
46.554003034468955
45.97467840864356
44.70528134991306
44.79681307850154
46.82986676798925
49.80998336457277
50.39234197626617
50.217363351149004
50.31447415674726
53.50010560219653
50.01604177076305
50.683513358458264
50.87844475487245
49.90654767931711
49.23007861679193
48.826190182408055
49.50097938929148
52.77736409188685
52.69167236069863
52.619772411080724
51.673342622316426
49.330431548279705
50.985401275559425
51.06394723799782
52.26374926853106
52.46018490342202
53.35393349574641
54.617404618892415
54.50938363919775
49.42984352694913
55.80759676508229
57.476716067982466
53.639140099409154
53.015126360474056
50.391353231621764
52.09663242655514
53.052941898587015
51.93825089954655
51.217983270445565
45.95913323507424
47.785723465701594
48.73953443827404
48.96845917255848
50.95702961766172
51.68397926407631
53.655985397511955
53.20795882050464
54.215478521193646
53.041744340770975
53.179846521287814
53.32307430531617
53.25892947300021
53.15030332428292
52.709083856123556
52.917477675636015
52.6364731445989
52.26561652172553
50.918497664795076
48.68384324450686
49.959517309513174
50.227891025742835
50.62095797280727
51.618610998559205
51.14629258534743
50.61253914552775
50.204307588077754
49.60032788609655
50.12371946605041
50.19743959725642
48.8595894281268
47.44699190701097
46.91293653733395
48.03611323884276
47.5190402609028
46.42252944994259
44.013150257900996
47.13461396072832
47.31978326776702
48.7367759915412
48.16753398839834
46.93059161474368
47.8024193571361
48.39918303217689
46.660125397348374
46.17326643403582
44.12356683228898
44.86282059019457
45.288620550803806
46.929309348463725
48.835058862201265
51.23053834259322
50.753578551022265
51.236010085303995
49.93023913709599
50.38480788460074
52.28848853104757
53.32504941589309
52.80349544647264
53.42492992907404
51.35502088568568
51.302964090837094
50.48019920338841
47.34946350026417
50.240198218413305
51.507848468332824
53.26160625229655
50.4454001577637
51.2628273918622
52.01719265797492
50.31288877934501
56.123293801702104
55.81051666850264
55.386882854385064
48.24945309135179
52.70420120789624
45.6449195993704
50.534389366842994
50.30382390452282
49.403775435582205
49.39328947493304
49.71679965719057
49.594764709630965
50.11870085035189
51.20548203683521
52.35370800925204
53.749546860404955
53.07437936441885
47.76244442138819
54.329858611868545
54.54368867912415
52.09390251661142
52.48910939755278
53.04504356038493
53.52152101163156
53.31399246215172
52.795772056498
52.8024619279194
52.60002489363722
52.40053461083219
51.572974600330916
49.13902442965022
45.122190077563275
48.12983871091532
49.26105179916638
48.07563788662602
52.49471260027132
51.031715422748995
51.25395254989916
49.53078517646249
49.60670376455496
50.00975137158541
50.151802248735684
48.706975563654886
48.45733890477248
48.91315302804538
48.44449393010561
48.237343551787724
48.27581602731088
47.72703603424609
48.66391920913891
49.838471019395
49.96896847327672
49.98056266361502
49.719084249870626
48.99876720085348
47.56450992332567
44.44348668486621
43.935068548046154
42.82330502185943
44.786902272867366
48.455551236200655
50.59975439843731
52.520589094289335
52.68399087647394
48.9336721243305
49.170472324733396
52.62913252498965
53.281353659701544
52.26796587224651
50.93719001101992
48.81639721265687
49.571262410814185
49.585602048971
50.7527499545423
51.35498192208181
51.71986813589808
51.71253634004634
50.26349594466873
51.92595269174936
51.85226980916289
53.86306979697059
56.16901810590808
55.496025197472626
52.23449724365855
48.63739298893863
53.77880411335673
50.19051733155839
49.71051754232152
42.789896603537535
49.5628947692568
51.11725610731466
52.10969618824297
53.30496987469935
53.15239369688996
50.77277453677393
51.21328316441886
51.094582390708084
52.44938182481465
52.06044017527515
52.26180801122556
52.60753634621528
55.416280011516285
54.4193783754899
53.62664827439855
54.438395826833705
52.01771258385301
52.787812349707686
53.54691761839846
53.72508262034208
52.52869334731933
52.83928010394973
52.5783469976443
52.89668725877207
52.89787300785675
50.96911290771178
48.584257625612885
48.59066792602039
47.84830913022404
48.87935256993821
48.24243906585194
51.672742387156596
51.03403613941683
50.146349044897995
50.45524713230104
49.97315239566534
50.80656772217595
50.971023801917845
49.706451420616965
50.494898526363066
50.007384762066145
49.374665893841225
48.45770777675842
48.79695762392419
49.61194039059877
48.96462547893488
49.88526349900943
49.83266985043766
49.89461164353143
47.569177411141744
43.83736437430087
43.742636744565715
43.873384023097266
44.344366005017214
44.09941561334547
47.198623742433384
51.95138743712862
49.50774927128362
49.23256748891252
52.941913032935275
53.2830462990211
52.951540544295675
53.08128533031279
51.07090256628492
50.871766606703765
50.29539407373029
49.99246459807125
50.11250070858566
51.820563483361575
51.96544339664986
52.294903078891565
52.156530827287966
49.103956147675135
52.66059136439185
50.60448092237626
49.830437781900635
53.01520601184036
50.18992528442052
52.8393053309802
52.731430932923246
53.245154802191884
52.10793343810207
52.007024767349904
52.36423636770718
53.566893380051056
52.67471735769135
52.01740121236186
54.38763852903466
52.951416745394596
54.25538819351467
53.7091921922867
51.965026288062475
53.56705188476802
53.37912290709917
53.28986720290742
53.039625510624525
51.72252704974618
51.95960358702149
52.72356467772026
49.54017955859602
46.381164697161125
48.74656803968884
48.41044454622008
50.40185932597057
51.35958335031365
51.20417506233313
51.192225908795194
50.569158917709984
50.03292032324578
50.33016117716901
51.08045487366524
51.42714723872822
51.78099175796295
51.09693688026875
51.35213877896066
52.23004642363895
51.41320428327823
51.11216819762541
49.611577555943754
48.10191014777596
48.65847669232283
47.893773683616956
47.80481494400969
46.29452802703057
43.64194004273322
44.482086688134615
46.04965722413797
45.35356915960856
46.65661142928552
51.10131112067733
49.611031300599215
47.40399158087502
51.23391648393042
54.61297710991064
53.248381855905514
53.4976759937874
53.010167816350666
51.966677535273554
51.47171765349843
51.69384485297702
52.7589569389962
51.92589820707979
46.94851249016365
51.59453656561414
49.67870624389536
49.66574857929393
48.86462187573655
51.35006497058084
54.90460827467028
54.44054703951564
54.470153339720724
55.115078255442874
54.56242806570684
54.67162199099386
54.53046268506151
51.88443648870356
51.87483614936607
52.3332043226256
52.45673169234501
52.32439726384891
52.737668080018445
54.36510748846164
53.84795025260878
52.58345171420136
51.895541929666194
50.77981049078573
52.05931528406289
52.36153863416991
50.38960598207714
53.15939483574937
52.52080346532134
52.65105675175824
51.593203144597766
51.45951436484524
52.28302075357855
51.39659948401325
51.38911456589084
51.95240128661199
51.92140013318667
50.1350257367446
48.82671921053349
49.79991579712476
49.34299218111025
49.89310787628182
50.297264476330916
50.939796984659715
51.06409446789067
50.904143913365765
51.34374337611479
52.14111207218101
51.81072608020055
50.164388883350654
48.14056393412473
51.01099314543259
50.28044055794836
48.231207769915876
46.99426479214443
46.84752926769376
40.674412647799
37.947357621532916
42.29408525537698
48.46741715539625
47.84163373951486
50.1882677524191
47.80836724033098
46.93865712194055
47.25765146553159
47.752914663111156
53.68556644656691
52.93348129464122
53.19678088191987
52.691476631950316
52.68980997359864
49.508592679640934
50.10006255974806
50.14700605893566
51.82941551086588
52.959516458341895
51.65158390095487
52.9680030367653
43.44265354362927
47.18597256314411
53.62009999029719
53.200361109980456
52.68048269017985
53.1505867785383
53.21201842667506
51.82251801440817
52.12935277632396
53.317534569682714
53.061772162267744
51.20330464083091
51.45294553242689
51.177639588400496
51.68941294042679
53.04587958914295
53.76279360468367
51.91425935234755
50.06114054810286
51.614062553027836
50.69827973392602
51.8161789104293
52.09224349847638
52.82147435965361
51.69647091970826
53.40618729124508
53.87558763076211
53.138285753731104
52.21999615209113
52.32981764417916
51.6081638381778
50.35846468293979
50.29822747489089
50.77394532626072
50.085888130053924
49.42444526569974
49.411641535562815
50.195377840092796
49.91845372569755
51.12723065493253
52.24260206401922
52.16372082728078
51.467787594316796
53.071345930333074
52.620730858699865
51.137163309323284
49.94839866483618
46.62586910921897
49.901751320514514
49.55070350240909
49.53075807546267
48.187213449321675
47.01145260827845
42.99747430906688
40.73158948992302
45.44660657734859
46.69316238251973
48.76324829996533
47.985417802039805
48.78356086556277
51.681394042832935
52.658302769815506
53.62069628786636
52.45176035848134
52.80849544501716
51.020097458027806
50.037799625272925
48.238517678788526
48.332649984892875
51.037165660464076
53.92619991043174
60.04325818320164
58.78812647233371
54.50829955514518
50.6752590325271
53.427037295629766
46.57016355932324
47.22277920909132
45.919909139516925
48.755824166234
51.158460866519086
51.79751286110425
52.61588815245465
52.84427667269273
53.11057922431466
52.65993738182724
50.29413507442164
51.020028926540014
53.51171922066997
52.22938594550126
50.922885198181106
50.169239882760124
51.72368726649639
51.69194014049778
52.089565584637455
52.5519207380509
52.46493957299076
50.46877783767928
52.17565566567127
51.85981051996434
52.15704826695803
52.0726884022798
51.62524096054412
52.208608338252475
52.414558019889526
52.52119056295934
51.544183882678986
51.171187048360686
51.60841818901415
49.756727015366074
49.039159870424854
49.121507316819454
49.512237386186776
50.44223762951396
50.04307165096233
50.56456449644958
49.56991723666019
52.226000769304875
53.83135887882259
53.03426415543463
52.43154391686887
52.0185844181833
51.935787598762445
51.611355980309256
47.872661247816076
46.82512213342278
47.40073632180243
46.934406295480265
46.14217600342613
46.94801641870187
46.94688532848844
45.636107108739274
44.93513373507203
44.21844360439895
45.48798529696529
47.32594029937503
50.33482382673228
49.820206835608666
48.70329291323797
51.00951692101302
49.51097285527576
50.087952436606535
51.4884115363501
52.07979274407181
58.275791126754704
54.22365108811302
51.225755779029186
41.82820547334277
41.9205047610533
44.24555109278728
45.2352917129326
47.10183998242972
50.25904894646608
51.13637006670319
51.69577480323845
51.65514832968922
51.580694812404616
50.77404973098529
51.50446402484965
51.62314480240771
52.28582390099292
53.00704215622242
55.20956655686463
54.249544377733706
52.886327506670106
51.986948417815256
51.2769993138087
53.2923758101752
56.38046351800881
56.087766323044235
55.93709802473182
55.878707470655165
51.19568004836364
51.87335235863817
51.58566413605953
50.17184479890195
51.829319052511735
51.038235338803474
51.76541131213386
51.336337837672325
48.025461505485325
48.265298097305056
49.50340253187475
50.400157003758544
50.65712697770227
48.76564750654565
48.95437559716412
49.281014898088436
49.454726625307416
48.473629911769045
48.05940842931771
50.533358608272486
51.70503245940056
51.94747197075176
51.19394457970875
50.83174829134622
49.5087777449012
49.43227582051594
45.58738067655895
44.22745277634997
45.327840719772254
47.52887466720135
45.99731560178134
45.98375396740921
47.120175534511986
45.88052673878269
44.408470903415896
44.23124343333637
46.207000716408466
50.13860248603238
50.29158018994184
49.71651754541937
49.51648075903639
50.673172356804464
50.94342634826563
49.480526993907134
50.35216498398527
49.14586933392649
58.95483156290204
55.5650