7.08022466974198
6.0460691795427985
7.45016328225415
7.320009238885065
6.719695282533348
6.130987677160429
5.710066259550677
7.645877575131815
7.162125970270113
6.578486674661166
6.413298541597469
7.5935943452285715
7.454725304784541
8.1404428236688
7.286879159473345
7.050108650459378
6.943840359136014
6.732489534554331
9.2837785122892
9.346409553798793
10.01557774147913
8.267467622991113
8.126899346466148
6.27869441026055
8.215973189296305
8.36536615676713
8.465931792729227
10.289132228718348
11.272075471992043
8.92888746556318
7.726245270747963
6.597430460666562
8.376396763358024
5.190887009166674
7.9120464589449675
8.758267430323176
7.688827242486857
8.691238120527093
10.366679369876946
8.392338316391234
7.894030424354395
6.1085418868484025
7.864944621686781
5.629254665375713
5.597257466493648
5.980517507295712
8.609125414422191
7.860532049849375
7.047877835633552
8.427580987079027
8.756856280975905
5.647334186272415
6.154383499601949
8.706708930417692
7.819382332498836
7.165251316504589
8.151465210493761
5.4494605568225465
5.266018883116599
8.089532557043066
6.310250545928834
6.266147805034367
6.921002010785274
4.472755979464408
7.052705678189126
5.519315879058342
5.209446272461412
5.666061287285628
6.105936625915142
6.03816675921028
5.460485414156765
5.74158158607417
6.231871671791251
6.438723153528702
6.5297594616825
16.736962191829367
15.567849438325869
5.953877820575115
6.241699754397801
5.934081798963594
5.08306747939298
6.2483001013450865
17.47980404320685
15.401399764996256
13.969526014476715
14.678012568321877
6.8463896430852325
7.188885493059112
8.745676669333436
17.733883431581656
17.237103026754067
16.511464440929522
18.295743228707284
7.684889622849453
8.330947693202386
7.858594475402859
9.062654040406883
18.5573765032877
16.221890558283228
15.675128011758517
20.12632015781254
8.3190930856234
8.48635339140275
8.661715896197938
9.613722426767959
12.001965654745728
10.839984669843572
12.105365279712803
23.83978822572808
18.212166296249663
18.878445795656376
17.238296217494696
19.753592542782684
10.405815720510184
10.323851889021721
9.623175385272818
10.970964031221166
11.652278053380266
11.119705341739417
10.74129016225593
11.329893768843979
11.20880554852088
12.59672595440809
11.819881062877315
7.17044328750776
12.477723720538059
12.02073682356079
11.978320310694492
11.933764192825109
12.49162134954184
12.143910941780353
10.944951107820803
11.321958096205774
11.947770387435286
11.593730336870589
9.505780680764245
8.242022139725652
8.471567429016776
7.149281966222143
7.5018142078236965
13.49378159943795
13.154359710483412
13.776182366929355
13.162018808067922
13.015802661251193
12.864266261462463
12.316439120486173
11.759626492876686
11.497149791720274
11.48597992418825
11.212982754808113
10.89515343075583
9.7698132825593
8.721906054642147
7.824145448761495
7.600633017806142
13.152852983313622
15.102467448903376
16.034217833977955
16.070074793093017
15.449481584270083
12.96813150186115
13.03749336849975
13.598876996424131
13.959768635537223
12.557316352074439
11.378244470833511
12.228948274372105
11.077770543104426
11.200407431757082
11.01656203946801
10.555556974475337
8.651454195689736
8.947718967753781
7.694578291181971
8.097532798345288
17.305770603767087
13.858582407960556
14.923933418676725
15.918404746863397
15.174859838574141
14.777236189589622
12.755579584254068
12.633246559861407
13.454686977519065
13.75501909670734
13.088512272916727
11.302042491666217
12.142183127800381
11.451171033367777
11.200998238609404
9.787475252104617
9.843260248323503
10.660584083943602
10.546130727015102
11.953182005020953
11.204306213762537
9.127112337928368
9.775894975414289
9.303649326110806
15.431360427117495
23.8997351622842
22.89796100978324
19.79888891452483
19.4728450203151
15.89624892499665
14.468605050378368
13.205763468121608
17.04283414391218
17.22064995083908
19.059497409455112
14.77182129923945
12.723295574239463
12.858507619002578
14.900858200076154
16.457263002702657
15.781945144748446
14.85167191830942
14.474652023854988
13.34279811076287
14.540221428055252
12.632842564526293
12.820607401577316
12.435299948373988
12.10076547372492
12.520418102415505
11.506854840248055
11.392283292498734
13.769733045864703
12.29512931322031
10.786750906936993
10.096670994723612
10.520660812186549
10.521235435521758
13.111206052067207
12.864967232520103
9.828514175086683
8.882275430439243
9.820093581733513
25.25986259987537
22.226449215727133
20.29629557139328
18.540397011741415
13.899116688445721
13.418170490652974
13.895959127413363
15.454828790851888
16.34390754159879
15.290551170745907
17.235460952974776
18.411078331687428
18.535724977126968
19.629601505313268
18.62353411212919
18.59981621145912
17.632233460031763
17.425551681531903
17.083900358976074
19.304090135878397
18.231824227827193
15.608102230380046
14.974224518751662
14.886367154305614
10.266735783574084
11.281567921364871
13.019691850643294
13.80393474756482
14.326401324377967
15.148759434644731
14.687931558804257
12.54014814897919
14.608602096477291
13.207902537506218
13.323667585064866
12.914251474341533
12.513582993590193
11.27187312728166
10.371255758856009
10.90081905520112
12.454107448497043
12.112588736462792
13.979761069111516
13.950348101778223
11.815793787088387
7.382048912880535
9.901641221868873
11.281388324491376
9.213033843577577
10.776571660552541
11.341030001116348
10.456337621036514
10.234640079721675
9.868901909969134
8.870566688410644
15.746282126377057
21.301992422891317
20.859847214882695
22.08001873077451
19.65111354401482
12.813620223747845
12.614477905443389
13.149314410046781
15.176063306019298
15.695360436451107
14.74646622189618
15.771286486708588
16.165312500495308
18.9231900080022
19.66753946172937
18.75741693685062
18.902615147544974
16.848248046033422
16.434114086478413
15.940962196171379
16.759288195540513
17.211650248397117
18.82789206294461
18.436545481417916
17.853833300316104
15.687004739763887
16.73578012671983
16.15692947999535
14.309005283841234
16.03507583695053
13.392488608177707
13.471555178126696
14.361654666351651
16.075004767794113
16.503911282868717
13.425101533735074
13.57796248762219
12.984083570939507
12.652430496827659
11.997942971799974
11.609226155406034
11.723513259809867
12.05052127022014
13.424843204100116
13.159121686171073
13.609095420731776
11.601063635305723
10.413684470321543
11.426498798458168
9.1619101585055
10.39239998380761
11.692757762348526
10.430899214151871
10.37965782785622
8.654035380170468
7.9925458990842255
7.537389503703412
8.455086495599659
10.883183226823101
14.789680775937187
14.801937008732839
13.685836080447041
14.416145016933333
14.553088827280737
13.531793241055343
13.60276636725833
13.677592838063665
13.989824738673414
14.46401511800517
14.638829924743959
15.97948657988755
17.26042290086826
18.359434659354566
17.96584470162084
19.092122307031005
17.846327185526413
17.835320201358112
17.410886051737585
16.966264925631663
18.643034903551975
20.089955724896164
18.584209091816973
19.327518128378504
19.0907590576225
18.92470412851151
16.67714704249318
16.5325293609534
15.443988178296506
14.43832695739343
14.123672147399699
15.74782743895986
17.797880952254335
18.12680261035318
16.517652574447318
14.61287478660478
14.233498085615192
13.69387825280754
13.814422542919331
13.333968516315997
13.093943108209524
12.68682700021522
13.05748960665701
13.772711665243566
11.179913851110124
13.05650193394223
12.48049732162646
12.278885734419827
10.501937401260747
10.634891623161185
9.490327998581826
9.21825758830222
9.228957861286942
8.825563332970052
9.429297838645002
9.046751422290617
15.826537887279027
15.999107933399388
15.652442042118038
15.294452024740243
14.78232066556157
13.399049691657757
14.605219540210344
15.986510849036671
14.056727457798738
15.761202013616396
16.19922116149548
15.263024656675082
15.40814067683043
14.544131987029527
16.94035566873671
17.417545528876353
18.78188135202543
18.02935313439591
17.94671762539223
18.98199296987649
18.81011561916612
21.10922736236545
21.735591823708926
21.35750380885762
22.17184827507459
19.95497124874608
19.60723546945071
18.670330895675647
19.04198732331186
18.781409621305354
19.202244385693348
19.786223744121713
18.86791722142374
18.874538868096092
19.46540184062586
18.66964144767246
17.46190616044079
16.33728475303024
14.715469678894092
14.592572394137015
14.070733884964271
13.617000611487196
12.871480948681036
12.374102412725158
12.586460178056168
12.622753077079526
11.88924043991449
11.54961432578645
11.555341169502688
11.450655689608288
10.026187557821697
9.682047651186544
9.800406151605392
9.44313185218433
9.957276641423942
9.339926897924238
9.236149578140003
9.747297947856051
10.232584337015973
14.490744265708582
15.36563943868331
15.353839711047215
15.312489353915517
16.35395037891423
15.387239594579937
13.97044319104427
13.60800287976662
14.419353084773
20.79316410186037
20.009513933740163
14.545724914382886
15.56559198163538
16.06508775966125
15.763068511541606
15.92458760314804
15.539812995459084
15.121710799654279
15.090815448853661
15.543884963368503
17.075220953740136
18.21548295790021
18.121729894055854
17.89441088852249
18.325312143033003
20.102513788802863
20.249767876367418
22.239993126735286
22.785644875846025
24.39909840805106
23.422104146834254
21.069410695318375
20.79065742042763
17.941240319566333
19.470704090011747
20.13461686329491
20.56411446570279
19.69540714307064
20.864213964823065
19.370760710180914
19.03470397629695
19.18032922580723
18.905685142897237
18.13430039753561
16.5545482467521
16.827683923281064
15.611255219447376
14.0815127889036
14.618357011162635
13.345455026706256
12.904863707893858
12.254830500703287
11.78385111928608
11.507081301698499
11.341371743733637
11.889917544938672
10.923717572071823
10.375400296384228
10.386918300649915
10.905364059606272
11.319825965186256
12.08556746745127
12.229241235252262
15.169125688687767
15.736500334277263
17.066971475820846
16.871977177040236
14.425478153732792
15.133744166219515
16.570648968377913
16.962342431473196
18.964305115736
18.176110046031813
23.472816332291327
20.327473426997482
19.240152863389625
18.772011135170988
17.367208367978996
16.514372672944386
17.558921529508698
18.31509885620513
17.46621154916067
17.754779424495915
18.26194726273838
18.937173237277527
18.80713845679795
17.680515188326826
17.12660013969831
17.027036566769155
18.224791318207284
18.714524113988563
18.977443253357553
20.150665522453266
20.97733796247366
21.831424875851894
21.851437988944312
24.305983621630745
24.620467399947355
25.309636463501832
25.99762055261602
23.853553843449365
18.576926775496986
19.584439545366266
20.50619305898656
20.00250712361329
20.88555976289196
21.715512606877038
21.81188640816784
21.56141356635338
20.538227641508644
19.35483698683921
17.543795113449097
17.614050731973883
16.776413510207263
17.41891354351778
17.120522935445734
16.963646154348968
16.342943843768452
16.882251027705692
15.014095400334996
13.986918468206488
13.328015775819548
13.116524041347098
13.034640665439253
13.056320093311177
12.571075155878484
11.880966906646696
9.263630306549677
9.82628688501938
11.892858347260049
13.270859031923868
12.6584372704657
12.74845947314836
12.215244918913704
12.316956214967906
14.070443375140274
14.182196292519892
12.817897622374351
12.348918895016286
12.652937280392916
13.658675343436682
14.311842336528935
15.329054576824872
16.699268818176744
16.674827545210483
16.73222143336869
14.275455270973172
15.043896921606244
17.36434435614786
16.506078542650855
18.04924207932528
18.687423384832226
19.854914132845206
24.23227927149958
22.72422273573171
21.375791425901408
19.86844462115624
20.41978997978048
19.733204046884204
19.13552912323463
19.24010151197787
18.133276014819153
18.597746908465027
19.36243916207505
20.22805005743005
18.74697101952548
17.129569680643375
17.590897111130584
16.1690610193256
17.209586636596285
18.007525347906732
18.303275064040776
20.5344331790757
20.728698269736643
22.484148680188376
24.34244954039948
25.110179412478615
24.560155641716257
25.73309529443032
23.714789338405655
25.588234098537484
23.589553521102474
20.000164602927796
20.33024845952153
20.052908060873012
20.97419792544115
21.63965046049345
22.548279357067475
23.87669774113973
23.132462409894536
21.60229614214759
19.695976493924746
18.325682765109683
18.20282789552195
17.36057249327996
18.31423304403895
17.713280115615945
16.006816147387482
16.11693807393066
10.565157678222908
13.091347532902873
12.353541401721934
12.678169513767664
11.724054448476684
10.522436738810438
10.545452364285914
12.261088227950959
13.506797927894315
12.489215669485189
11.147820866138689
12.333014887881093
13.24672659337856
15.400216662648372
13.805135051673448
12.996796537389898
13.274718666905168
13.475749727786402
14.355082839246002
13.998330963508238
14.682948432116719
14.453265543438512
15.359073765513738
16.22460233238781
15.681389173733391
16.03237221062982
16.197222001324253
16.365264446632427
15.27209033849929
15.775798640593548
14.54074444240034
16.36352680265416
17.551635877558528
18.748143985453307
20.458581470288728
21.436810045755884
20.61562491835693
23.102516413844715
25.224922100725454
27.48344345844905
23.296691376579236
24.6510966191533
25.855305312409907
22.525215994620023
23.32050297027101
20.17023298377259
21.486325080131508
20.034260713430523
18.752453797971405
18.03906242445006
18.727275603631085
17.988134840907414
18.294928553940597
16.68350203011673
16.055849060793307
16.91043770016585
17.472250194992885
17.806560489558823
18.738726367585713
19.499453931098014
18.409312285895098
18.20523187463726
19.916383703245597
24.28064214977192
24.093262961188966
23.523208501153714
25.20903645984389
24.741593543608936
22.814344463635543
23.481049689155075
21.68170751585874
22.258851339165247
23.448616492515082
23.154303061512028
24.871962544859425
25.007513566709527
23.506364673212175
21.204368545076573
20.75561436499318
19.87653590373347
21.470638090971274
22.165802285624263
21.425495271016473
19.331909574028778
17.221445217469313
16.368898174463126
14.392102140032874
14.724758734216644
14.310396100071248
14.087426585830258
13.128201953425126
11.089093428783347
12.13059057834456
11.657713750470318
10.783069784417831
10.71184704072919
10.432008766515118
11.198464587929042
12.580102835414019
13.182643295648331
12.37483948198401
12.751635569273034
14.736644013236086
16.731243060700596
15.108880947682502
13.308273521959599
11.990468854248862
12.560723879844366
13.135038250224207
13.964790081465498
15.142173166849783
15.09940302406245
15.022976961306114
14.568768030333052
15.083442653194844
16.138250137167425
13.721938802078181
15.081775331266888
14.055990527836293
14.879761356332272
13.55805467755219
14.142122815820112
14.158138603785979
17.788434484137255
19.543867162522638
19.906012062339503
18.308695807548894
16.88927104496243
17.551472208338947
15.211887155652235
23.548474985201665
26.973892964289366
27.564752955138683
25.48312936971487
27.190938037236826
28.91158320932343
26.2595909951734
23.78974408469047
19.79194482788969
18.211208847046116
19.86441048931201
19.81821098087569
18.701856285654102
18.22276750418544
17.968093686445204
17.819552901894376
18.687891296257003
18.322766617424527
17.485507051552133
17.093299779839946
17.02717138845879
18.31323459445258
21.228789216485552
23.091020943860965
23.09806913438306
23.36248336406763
22.670525909358886
22.367902834682436
22.24001027782478
21.426547740009845
21.45867989285824
24.843803682575814
24.312531347638686
25.541893333753695
25.224405257020216
24.2599808067292
21.949766802802877
20.496639477435643
21.05508211075945
23.379760963041516
22.202982065893355
20.16328006627483
18.746728041088623
18.62134732533386
18.773382274318468
16.18229614551703
17.16866176784546
16.22223038034704
15.153935316652174
14.711995044006882
14.798066993827193
13.313387004542516
12.4662595418046
12.218949372535814
12.258302116013422
11.96739856902287
12.033043865739343
12.668918949916137
12.815475896536347
13.267392012877913
12.134047088919814
12.88180085984831
12.668019380783841
13.463962686303022
12.733024318470633
12.208979485318192
12.605574498173915
11.345136910575679
12.011081656873138
14.035527904076478
15.297973961131266
15.31206061993427
15.260614126667914
16.938203602939012
17.359701599239767
15.874981122296397
14.774780440942193
13.404946478162204
14.47885174055535
15.271975820447642
16.030483804465618
16.141936877023987
15.711645969844659
19.645393621173618
18.123336981108686
18.689616794870595
19.19222454157602
18.475397644620504
15.335688975780192
14.279504963001392
13.632333810845882
14.211645342715919
31.65445859627951
26.791731467721302
26.758474258877026
31.670959258392365
30.781023238035193
27.919387125153875
23.92997541809917
21.436583044554066
24.336479516237013
25.13657262074763
20.595130294522587
19.21694513441789
18.84892581874253
18.235761991305388
18.414516117970717
17.706082297697453
18.0754312710288
18.506126378636395
17.776492921716827
16.152609500684083
16.078096798263168
20.69837477773201
23.656189368621845
20.589919722547016
20.346170163573802
20.63781354182397
22.078830826311712
23.582586178560295
24.40677580557697
24.663395128469528
22.26089450974482
21.893365586301964
22.951412912114808
23.23607749634826
19.16694667457264
19.013697501554137
19.34626978994904
19.197369886410797
17.105771298944443
16.834017296191657
15.64424768912826
15.283624422204673
14.202258077973616
12.500214314602495
12.173284582892789
13.316320257474535
13.685135795535963
14.296757276705623
14.18694181127745
13.6854224128749
13.479192986953786
12.812758239484571
12.895397401041329
12.843294026954876
13.289305077732902
11.56118861785691
11.149097452160763
11.096288696235876
10.096895167183096
12.034318867801478
12.694235450788279
14.369601468400571
17.004607386059632
16.26678405305636
16.477172025255175
17.836451885588385
15.008962143084219
12.658428489241473
13.026459344232988
12.311358883503374
15.731787696368512
17.147642108018193
17.761126819910498
17.232353713440766
17.771002100798512
17.77104735471026
16.39485898921716
16.310898924948408
16.028929935148344
15.940828989597865
16.69889599965542
14.030993295105162
14.615229794286487
28.772048321532214
27.688877711613515
28.28315623240955
26.34838875157623
27.745223323659083
31.211683663893023
27.096169281464125
26.923240074402848
25.511135624817832
32.47115509381508
30.54849165885571
26.954317953622198
20.452861144954863
19.870368041876088
22.151343913261847
19.310315290807843
18.516581213789557
18.01767054873568
16.58042223314883
18.26711784516344
19.4447629693154
17.745296922509255
17.455865557680685
16.92860598024077
18.29651769942126
21.354861069541013
21.52265224174106
20.93686309328489
17.102590550544623
19.807950600748338
20.061329267396044
22.246105554305323
22.596951395731715
24.17029588448019
24.24390045101219
25.387658561787738
23.135681578630344
21.259675341513294
20.038928304836645
19.807772015275848
20.296639204890603
16.74858271058723
16.84760766463811
16.94806477749148
17.273077478784046
15.766793108687093
14.108041606482205
13.764221127943381
13.797438213113857
12.931432627274209
13.6825167747074
13.938985169795236
14.449816721510858
14.021253633289755
14.69961376015622
14.070062053705891
13.57566601397565
14.015540575488819
14.226392944042955
12.814023255351687
13.398434789376958
12.779620886784683
12.644797584113912
12.715469415090194
15.347355383409893
16.98588151801296
16.810443351519567
17.091297855615853
18.345356053186247
15.755034331683232
14.269928128104707
13.764705619977967
14.342187685657203
16.68265486883454
21.178902778651267
18.842849782035184
18.11144166499842
16.82823322217348
18.336628570116748
16.815087613936345
15.1828849540415
13.747872581375377
15.793908532806498
15.912752620654091
14.365807110766765
14.303519849448225
14.727022680681598
20.17844053841573
22.08610674405985
18.85566087161458
35.16982591722884
30.731354506261166
27.914446218679373
29.309872450519666
28.479563969563372
26.513284323298112
28.727801018790867
31.172897840669563
30.582230108881827
27.088156271463156
30.759700249520822
30.983304797569424
26.519858757236225
17.849584495726926
22.444953742902026
25.06090345780477
16.867562834303204
19.34080975733686
20.34110347501561
20.4902069982042
20.199336959766285
19.477139777855136
18.71439554322384
20.851158582384805
19.89121146070789
18.427453065864583
21.573111876174472
18.892187594857788
20.284316242303554
23.110576898039024
22.185524447742115
24.531622694209695
24.825311050130058
24.343328287702278
23.070422837933727
21.71367326456583
21.994079403475197
21.581750044816825
18.693988811767692
18.081111055321273
19.11041927343775
18.97154758805282
18.37995185417857
17.07054557385191
18.611684236353522
19.223910995427023
15.319115216978394
15.568423947181305
15.486595117518462
19.35756664147294
14.318447628728778
15.081369182289917
13.814083817560224
13.68800143412411
14.245890253783857
14.543940129439228
14.86748516090534
15.421474637531022
15.494046912163054
15.335309977826043
16.050535274411278
15.209789325256995
15.073306391062742
14.909147594479968
16.067501781365614
17.30035209774374
17.291910905788484
15.854211787713693
16.614893807771196
17.947922810827855
17.33423269401709
15.216282779239386
13.119749308798182
15.870164038833927
12.770197541587004
15.595366778312233
18.117339650435493
16.726535420429755
18.89325822654876
16.498260363776787
16.92687338788997
17.319314600940412
16.332286100474374
16.288581439825965
13.509923119402188
13.233979204169156
19.449263093476933
37.15941912581234
30.67773559737796
30.789699546762737
31.649128872692746
29.911856562551645
29.115375726496683
34.01998479863737
33.489334320965376
33.81468089700264
33.32551140668842
27.710788117621345
31.137663458261578
27.069656647969556
22.965210516437413
23.0881179693042
26.208956608818188
27.196345600373693
16.830802343988456
18.676244424701107
19.739130344972672
21.840000479471215
20.83469302923323
17.558605302218957
17.782328872784028
18.951980411030977
19.14563694057613
17.167472140945844
19.83025231210199
20.64708468373854
20.147722734050227
19.114384757090356
23.130219458368597
21.63590343576892
20.95122246086351
20.430919062571856
22.325963224531765
22.98554636710252
24.264033046201508
21.546460595214825
21.203597249817747
23.10763463243255
24.750574459040305
21.83109278987837
20.157937776603465
19.62391950958697
20.127145126473913
19.793402090894332
18.275286288211532
17.40543742170646
17.813350279372496
20.918536424607787
20.67105111026033
16.80003883137382
15.1592380981471
15.458587497431402
15.066880019263472
16.366834495668947
15.793178271295977
14.047185744176126
14.076022837885517
14.900689125784762
15.269569693646558
15.603994083595977
16.56463614344019
15.86217265670379
16.768013620897083
17.619308412919754
17.841249443563125
18.262662392161886
19.135953084940397
19.982286215429564
19.348122434252556
17.869868003744617
18.412807151064037
18.86125437963436
17.101657620001998
16.509608350878526
16.141797849176317
14.599700151195567
15.501764299883739
15.475641711058893
18.423679769256747
19.097324274165164
17.10179953737227
17.735510010904022
17.790432469327293
17.4238923600326
17.63405655148178
16.21151760367508
15.019449147454315
15.828238398591314
16.71132423320142
17.998172674553583
16.429752008618276
17.57569725795113
14.24827957464097
12.819956321926304
14.62707517724057
40.865999771561505
33.83564682994618
30.447842060546282
32.57332854575493
33.96855815517488
29.170550763733452
25.738552561203853
28.672630421052318
37.54769370025049
36.05950532238606
38.32367425801308
32.688317237736584
26.924600433061496
27.85414199401085
28.495249678318668
24.396997308923996
22.754609229812623
27.339620227562875
20.419072659034697
19.784491779347903
18.431858044314822
14.61848082452114
15.45365614145524
18.573648614350823
19.61929281271583
19.523918101892033
21.232008849744737
19.459183538197948
19.445487812502193
20.407223137024044
19.88365664412771
20.46896899771218
21.905805142224462
19.614633402701806
19.194459068587836
17.88569745544262
19.081393415328574
18.021608037387455
19.676240355177026
20.845059780061284
24.31235085370587
23.0456348959244
22.11777436448082
20.923441406553287
21.502533500585564
19.540129279390875
19.51514414121385
19.18260918750654
21.93326402998943
22.060920002390006
22.866768122431555
18.27686242201489
19.211471831188796
21.580739208686747
18.21634852372936
15.509115935663726
14.605692968811383
15.006015501328795
11.558392770894182
12.407414954423508
14.370041113979607
16.135659755904182
16.579251660271353
17.57950677074804
17.544399667392536
18.837627736593262
20.292683325904516
21.38852351671725
21.625370984283435
21.490318940835806
19.645506637137267
18.50937856604124
18.715669157275165
19.073683571964924
20.34434306727401
19.149601183244258
16.599152223201216
16.81690940726319
16.38822468267842
16.637822557190084
17.63109396706946
17.728637769811616
18.518398063668055
19.273095422200598
16.17520650757301
16.265557004775445
14.684092471728093
16.387699288767188
16.525823935793944
17.018061038846
17.248134222547822
13.71849004813327
13.3403070886944
34.29414542308149
27.48929741540713
29.110295100955735
31.033126935827536
31.713765777947316
31.52624002484446
28.557337290833924
31.863229026355853
40.52979810121713
32.99932416839458
31.737635731536294
36.08473939729625
30.183162550704072
27.916730007622956
26.735727771556327
21.203008023519498
21.26070023415383
25.353323927532404
20.77272465477623
20.023724976942045
19.41318577985852
18.39547375953708
18.17282018051343
19.376406128951643
21.42561078065452
22.143901655672696
23.009768249557673
24.022818517503453
24.61708355151826
24.264468082418784
21.50059472975301
21.229919834883702
19.847091210582406
20.89495834949866
19.741271716877623
18.935717952039706
16.85377787022776
18.504987545916844
18.973925141566557
19.46785071910648
16.272243253499855
20.91262576359357
19.5579184788887
19.682043064089868
20.14360395573127
21.72355217689312
19.602332398848347
26.25818842294429
29.146777209047205
26.086479884777862
21.760649868404506
18.105115685908526
17.05237463242247
15.498699478647708
13.270430471844621
12.201619428317064
14.774417726745522
15.523723956415203
16.588932577391358
16.672341503108477
16.78345889292333
17.756362294194236
18.834817201319293
21.4719147123128
22.06605696277044
22.39862344905375
20.338251521063775
20.480016319556125
19.545928525836345
19.761348221578743
18.92280142301618
17.97605069737674
17.95814983440142
16.48172407242511
16.790115193874495
17.146061883738525
18.10469192842769
20.250468876602312
20.944553762397234
17.946570659672123
17.05360285033431
16.583115260535354
16.22570968508162
16.92779872929664
17.076623794513928
18.11351283402734
18.207957676580175
17.493840338146846
16.58941420293876
14.733996842292234
40.02690829509091
32.77657763236815
29.761290515457446
31.25117470738543
32.11158914403004
33.40781254675931
34.873228509616055
32.75761197680094
30.75246467324577
26.25354236615456
29.968064239323784
26.47383924047699
24.40714633435721
24.58674285528709
24.308329176385833
25.35540979888683
26.424177170414698
26.843754366883374
28.54660138262944
22.376065304141953
20.964569683871545
21.621255651390314
21.44182601279801
22.70489811503027
22.996929172826956
21.724263581651012
23.616765704898125
24.294720140642024
23.99872529105701
25.750830128242303
25.867374054067323
27.55646477382507
25.974602274356904
23.16980599112203
21.815148773009025
22.152967562247877
15.217367458990893
19.26025282075141
18.432694546605344
19.218262668995827
17.62049474287919
18.59801235821682
20.589229906354706
22.31347987681409
22.175678909816156
22.662656675196093
22.417478685519725
24.408627734151644
19.692314949774275
22.84823587418465
25.87055055582165
23.635823188720206
19.669554137718578
18.78333729979066
17.229078186907767
15.664309560885071
14.411048263190992
15.726702290489587
16.039205583412187
17.421811677368467
17.32964197645277
17.32571044251403
18.422585011861635
20.754694395589237
22.53949039937144
22.797551444197282
23.91813797858412
21.567196881257495
21.284495026001323
21.77608416638153
20.483311801777738
18.23971466717809
18.948714042226836
18.344281688754904
17.820050544139686
19.110121542507603
19.90096785417089
16.998820574721417
21.199611758079804
20.004264261888014
19.773956483013798
19.272054803087112
14.604341381986467
13.983034027321949
15.604472413356673
15.841386662978147
17.56980213078217
14.943116834373907
35.47482855957507
29.987957747876482
29.927223558195728
26.129925821590525
24.613477537058554
29.999144566131356
28.351323267999316
29.875144788917186
31.84215500888184
28.774588432870225
28.536038710267754
24.085218151639406
22.781945052467385
22.82495136274594
23.376439232808398
22.149058638389043
25.487949389015423
29.706505644999382
30.774851656313597
26.011776698296018
27.528409324110964
26.09024764176153
25.8485270546018
27.63783106942326
25.680351886228873
23.73039968077632
21.462750931723534
19.98012482245194
21.422133929085597
20.275776631759527
20.103259110107327
22.221214562346713
22.73260061338359
21.975565748982092
21.642133407621298
19.557642701773492
19.55166621697873
21.119073818717172
22.002512383480315
21.82267696150643
22.37364897410953
23.665402118613226
27.4984870914793
29.380437068135596
29.013770066537713
26.237586942558817
22.673563817938273
21.474950132730502
19.23890890643538
25.083298246661666
23.749207787808913
19.20580175022014
17.46165520558577
19.56533456177166
22.53006367362805
24.51662843583566
24.677804055697298
22.969836895923628
21.86141058680133
22.032230574723407
24.23414266280501
21.717113560018426
21.306905400740856
21.39676372013273
21.385605949265763
20.02516354764512
18.651223121898255
17.330841059864365
16.854492765781465
18.75292587789753
19.56697742667671
18.629077317468955
19.15084066531876
20.16474236739984
22.940613266480526
22.791302817154186
22.207418670430012
20.908009136150895
22.737670945208574
24.646654188806316
24.084079901185945
23.322485902348234
20.752558558647422
17.234027032803542
16.60315582394192
18.27883260274967
18.875652753659242
21.915539333255317
17.86939429001567
15.37024924385565
20.863181671886338
21.745108534628763
20.122410463657417
18.811481412083218
15.470219611448007
13.800426352730245
13.057751318866064
14.674102076523088
16.721290791515973
16.30371228442631
16.06034499805147
15.383534767659468
14.26411073736888
16.133486212473013
36.021189396999624
27.876158528916676
25.869855699384356
27.181535537057368
25.180402021288064
27.18785568888302
27.4890413220383
28.85330225179763
28.88357156560259
29.38112496992607
28.33302085312834
28.009176242618263
25.899159547197574
25.41403848873404
25.86536811057948
22.972597730438835
26.35448287295961
30.51268322901031
31.655986555419357
30.319435319181746
30.57918250708738
25.275243147665936
28.63098508710202
26.964057102973314
25.93625335899504
27.120271344094245
26.40412521151457
25.610822852634477
26.829885902974038
25.83033325878718
25.282743971488514
24.92892647122282
23.016471689564995
22.26108352345948
19.699645388849728
18.207164105403866
19.763265459149817
21.07053038124645
22.53264568648767
23.145606026670478
26.04792932322739
26.359152669532467
24.479250240180274
26.850767191671242
24.472837625941597
22.478208878518696
20.779899928777667
23.279911445450367
22.481149159780454
18.117355192410116
19.800297435726115
25.279459456482467
23.56622853025275
24.4243500580837
20.57967076257605
21.84287014742173
15.245277606554906
15.387137537327272
15.61886261925999
15.213799475462242
17.500917742501738
16.806811120529378
18.916173848795996
18.489691402115877
19.279338166737436
19.538979664527144
19.329894340894818
20.81232719428837
23.41002199523054
24.167596243829767
24.50766143338062
23.20509697793912
21.739719425597194
21.894003677277997
24.062314797739976
23.867318022989394
25.06313157039113
23.41434009087264
19.636450228938376
18.623156648679487
18.464634161920127
21.94595049738064
22.922812460379355
18.878881937611954
19.519214916035107
18.678410014366516
18.63387747353012
17.21979083043942
16.753994157862653
16.871140396977246
14.767499347558456
11.662487133709616
13.23082922756009
15.689419314597366
15.622806432771096
15.464483764651725
13.827896124319507
13.622273774830669
15.809591023094352
37.36550621289802
27.516120310282034
28.280016740430266
25.499298315973295
26.15665939901333
25.624798003257453
27.599343291644846
32.205962881344284
30.52514392923018
30.768891969254742
31.302530865631898
30.229218420804493
27.684189164663326
28.34695469228492
25.695663243766916
24.600279807793946
29.545987043627612
27.393108043439856
25.87425786701806
27.134311789220934
26.363775988826795
25.399165218399318
25.434511577109816
24.763785602520592
26.8993450306501
26.66312983920998
24.52589196558227
24.721218575119384
23.97685453577014
26.03714368775152
27.097225622390166
25.993096272425465
28.098771385715025
23.39546299977947
21.801125095452047
22.02567142384774
22.963729822610723
21.86600305187596
25.06914462854966
26.64626331477358
23.30169763923871
23.467650263530643
24.996962531597248
25.97869972110206
24.033423529585114
22.958672022940124
22.441400967317463
20.341138208526274
21.185864866498196
19.975055892895917
24.803003469976407
24.196655609168424
24.386751445267397
19.38797772883289
20.013153996585572
20.356122783974463
20.307364382834933
17.094272637552177
19.088423826182964
18.89198014293043
19.888770610125007
16.44401042383349
16.85036050900093
21.37644041980575
19.904436975878188
18.84008828937234
19.836260181545267
18.735616708559128
20.0991076389108
21.474252193159273
21.938187305034536
23.252020022423423
24.12000153959107
23.588696972500514
22.572442459288524
21.247174300016603
20.60764310790139
19.440445112671707
24.871859361212802
25.207884469381273
21.796409006498987
21.73763119239306
17.87384328936797
17.132911764630226
17.004759671022203
19.09976674311225
19.80624560008363
19.75739148663749
19.30057609839937
18.390611758883157
20.165779179204865
19.124926104296545
18.83236514448559
18.425749752220945
17.58334092389306
15.155750870671191
14.268259345466777
15.318627038601917
14.175759931397717
14.722009365124238
14.935620776389102
16.068058396014475
16.792577107248043
15.063006008534064
13.802196484730265
18.334920292175667
18.05175341386585
17.645761660623272
16.996370476034283
37.4823974560113
31.784810144875134
27.686281148510723
28.65614129476962
26.54969297577331
26.057606165109753
29.13121053081149
29.447045100483425
28.849463979469853
30.661065932738833
31.070395663891343
30.633001700389066
30.20106030673186
27.04810743982334
25.84440230312413
26.0425477154461
25.41842469954833
28.379351357123486
25.624804956973364
24.012866659555808
22.878178370967657
23.779172781103874
26.01296235691231
26.912970184585856
29.48092425472987
24.65045248498212
22.12147359938767
25.24403632665995
23.365301618736492
23.785751953347162
26.659352625365177
25.431903262279732
25.92432398741551
28.321706340546044
24.67514201830728
24.717009585359847
24.64058647774938
26.21681177835705
25.907153694774237
26.239024610906746
25.264224454276622
26.907602384451412
28.112899473086152
27.904733468905416
29.04775286278008
28.725192911506387
29.496180031977644
28.26519311893917
26.808966521414224
24.569355280937337
21.481691871259656
21.163097300314316
19.994733380666645
20.09679266575239
21.620590392628202
21.622778333344783
26.328966040632828
24.960022716076583
25.802866385727206
23.70649849469374
24.775454420274006
18.267571723117253
19.4013092850282
18.841176807085315
17.17909054324482
16.34618591038659
16.510927027298536
19.95344153318189
16.754266029283556
15.706301649410348
20.596326077216283
18.564883497124175
14.852561954083145
15.05383334066121
19.966562807184165
18.147434092976244
19.527927008492284
21.03848652903788
19.33412788892946
20.29347962239915
22.429443029503673
21.549473184554316
23.32515831576614
22.818329998567783
22.045974069395477
22.05706577367146
21.775097042292295
20.274759264787008
21.333832333984276
19.599442412078556
19.40065891715641
17.116986950706835
18.407547293469893
19.245337693703355
19.39033174446737
23.044808511376953
21.776683141927183
21.316853394294633
19.442585348915685
20.54787727821522
20.445884329352133
18.83237169620855
16.871045691280315
15.506874961739662
13.460518302503136
13.867012459406657
14.19638687166605
14.796623055713827
14.757102762553611
14.801782906049201
13.494636101582845
14.377382353384395
15.609967360064173
13.37474127242671
14.013966160760058
16.596790423681725
17.188667040529623
17.596280460554077
34.66029216564232
32.731272364183106
31.756861454952933
29.213266537304822
27.98275729000119
27.07615367397437
27.469305579921546
26.50625241302285
24.44273949488218
27.74900245737944
28.942633618657133
27.831654246765535
27.59526569895756
25.994515074166596
25.475362167338357
27.171800149993885
28.746548138979424
29.027562539342586
26.81060367846812
27.80376182705432
25.35892164380836
27.56954624926535
27.025688909024908
26.083608839223754
27.577026466963506
21.738219049179477
20.79268756957132
22.13874320892951
21.264609149490948
22.095296822435536
26.787075199958167
21.239523903754936
21.152176178846478
23.872700184828282
27.922425602983797
25.984506107401934
28.571327337045112
28.58429722242224
25.630793223309176
26.52986666741514
27.77001668600716
26.59431465632808
29.21863634800646
28.731922739925214
30.69006744920025
29.67382097883562
28.96964738237286
29.12388336690646
28.562874680717066
26.762886725992168
27.30453300410547
22.619760153966144
22.074000410771635
22.11495254131862
21.29042540419115
18.334947555630002
23.736762297723725
23.37507390901766
23.468400115609036
23.56489021869046
18.87652515089819
17.886059217359072
18.217667668396697
17.522043977998855
17.22186685103344
16.894887142355927
17.205983003461657
17.241329984223054
18.487735279551444
19.31874800111192
20.220669824182973
19.764501871888704
19.262700393789395
17.34432552468762
16.313350313142955
16.86903874045511
18.266541093375285
19.246377677802432
21.12717707510672
21.94891026302464
23.012888362959895
22.92427415997622
22.244199676509236
20.705870650758
20.57422773335093
20.425180051433482
20.118164370932327
20.06977473028804
19.95559907023716
19.57862321708279
21.065830815728525
20.17142164772277
20.41647162479182
20.686397207621543
19.088066216741964
17.430267736680857
21.46515816425409
21.30498985337406
20.066635146331073
17.269575946930143
14.091353053746921
14.589477656243645
14.628690331258529
14.358033243444588
13.930592857418738
14.359911488583306
15.597762971168295
15.175225146944307
16.082097107885087
15.223469220374952
15.270235717468806
11.526318425376514
18.631779327200945
18.1890399172893
16.997850800706487
32.0381566357412
31.531150091733643
31.07632390795113
29.349642681207005
26.432013710988016
28.743260673092983
26.189033064641976
25.353964381462674
25.112634158717217
26.18783583413176
27.507767059486252
28.478100040985506
27.231718522210702
25.72676903129292
25.00035112865392
24.9676969915536
25.924377996408225
26.122119883234177
25.98760012058671
25.52716126313506
29.038907584587704
26.283054478879265
25.52758180935588
25.936413133678926
20.067335209481513
20.346681329713107
19.78846647071019
19.61327119386606
24.18133516567309
25.36924615557535
22.92084388458485
23.513223980872127
20.45807075852905
20.120125933072703
21.79729528514179
28.304903375761295
26.95531971037929
22.298506998840868
23.68548667955546
28.59986681104825
28.21800648493639
29.56179597011875
30.691807078646118
30.052033551969064
31.255236893272915
27.589443162843732
28.247556354326456
27.434208102327606
26.271484391736735
27.334807461781338
26.639730349803532
27.84678376786247
29.904612946349562
22.45010734941087
28.816832164563266
26.60003478537301
24.889393677352324
24.508365455654893
23.45891759397281
23.782204140665225
22.56529288317658
21.98762302294504
22.69719619617007
22.91199161984687
24.944676296331007
26.122652331240065
20.81492666715378
21.070271234077122
17.405030535947365
20.94098485765574
18.13808715889628
16.27553205515826
20.665256639748396
24.895062945650366
19.18501491716582
18.690569752752545
14.816026142770578
18.536025721051946
20.321512998638628
18.398997617758262
21.321153883758413
23.469921294405513
25.005233444243803
20.71272291998641
19.70423307492236
21.336499550355583
20.45959003660682
18.445644653217236
19.011000910322824
20.544191803976332
22.620418802181238
21.421676246520104
20.968312060997828
21.304537501516098
21.456238238414013
21.244795792034893
19.415680765408002
15.81028087387079
14.600186681502661
13.955607825885535
13.05039962516726
16.30075473980699
13.178190864800328
15.97677422226442
15.939653146846586
16.292184050082017
15.04442016413782
14.394467276680427
12.82914158529378
14.241453143546533
15.539130418819859
14.661795165386152
19.091752404414706
16.622916096413103
34.34537785362798
33.631473484142184
42.17132148736563
35.903227972175024
35.222425185646635
33.809625556716284
31.24541339618369
29.10403345837894
26.43662472361036
20.556305209026654
20.860925169429535
23.91451605343681
24.81624131713969
25.31473038907694
26.389006453930374
26.47717723644871
25.237164765255255
25.50757806572611
24.976820851646654
25.358275562915026
25.351323666480315
25.91024269164054
25.84852930908614
27.280085238293417
26.345227810470917
28.511307026865353
21.668138674579005
20.72145641015809
20.306250870152198
19.820045845789448
21.40974914961756
21.76545990619286
23.154989333535408
21.165515133392862
22.09744976890626
23.699589873332602
24.329366760350606
23.31300123626766
22.1219753182185
20.373605358186406
21.135524765395584
22.23836981573257
25.75584433659617
28.437222753355417
30.879676048122494
28.283448353982287
30.27095535949344
29.38761677003816
26.680477283391685
27.603272503798422
24.10515452399532
27.334367850233022
26.019094921453913
26.034923990409016
24.191241948527313
25.294623051561143
25.59517685306529
27.65368542425125
28.643644170985898
28.273057001756648
25.704713132360375
25.98992364467461
23.87036631282795
23.33254891192088
21.784331919030127
19.654006125143134
21.138432698820367
21.75854839631327
22.104139183957763
23.550109380528458
24.8447403964423
19.672515813916593
18.262359313931622
18.125278001480144
15.570171842100812
15.363805177969587
18.587804937256987
19.897585457870626
20.112050802229813
19.303321075307558
18.083003935469435
19.06224243368951
15.752233475840242
18.16818776546174
23.629841736279197
25.510906481417077
21.705415904294764
21.01072057490462
23.796083382156084
19.03375580825789
21.61590254754622
22.018431781938812
22.312871963339777
22.59151893311328
24.182976497496448
20.86791580746482
19.32309965294215
22.149475115207753
21.82620214484211
21.237011078986896
20.017946978450254
20.177479717444367
19.19726650021271
16.24163010539846
14.971595666255814
13.61393245491097
11.274708591024337
11.01230124127316
12.707290728856439
12.51988649939195
17.04549094488666
13.56657190964443
36.127557697925035
35.5731975565495
33.023520253054166
41.15719537714503
40.24979539849525
33.232371585680355
34.242508932696225
35.66890638461636
34.09066300556455
33.61393064123154
29.296001787213736
26.741480970938465
27.55336035372787
26.812521117743273
24.8430301780706
24.322785994746827
23.6112446005558
26.24909624796533
28.27113527367934
28.421829340807
26.069565010795653
25.555695679598593
21.317754642183775
24.185720297082486
26.188253792599202
25.58743461140635
24.88872274031017
23.512318824989034
22.93923674611351
23.884019821432773
23.015145912243376
23.02359564580805
23.113506603470658
21.215767697993698
21.41681461663004
21.059020972199132
21.12381320439568
22.92600367298097
22.019976626954357
19.96606246428762
19.57420034143344
20.25801390160232
23.90731534397387
26.497499878308474
27.742147415674182
25.808584499118247
25.354408858004273
22.3718646722851
20.810244693156523
21.487016668415357
23.819688049151935
29.51561602402917
29.952130543313817
28.15857584367779
29.2229297441776
29.626456061529673
26.900818145769517
27.22968980519087
26.58256398264121
29.47239041373328
31.62983424380885
30.31639916964106
27.096103656124484
24.487265760936246
24.766220936909523
25.6223490597771
25.941480110436988
24.83665041475412
23.266376596150277
22.881187202988777
14.83833304232831
17.270704950307977
18.376983788296158
15.985306348002695
21.045068620366834
21.536399639617343
21.00434936086761
14.942641085872223
13.768453506756003
15.446310322884047
15.609624135144237
20.952021612268098
20.041648597315742
21.807054849931703
19.820481320865344
16.113409910670715
19.31512278982655
23.68690768073238
24.068710520787235
23.910729294587277
22.858735783222702
20.629606440440956
20.68469780714787
21.35316290600192
19.113307573958124
19.463563680942602
22.287525677670548
23.46929689208698
18.982099356859575
24.170524732351442
18.510242060894907
18.196185183601724
25.04053258596923
21.623544159610898
21.532776772501354
20.902445675202667
20.683931681556864
9.497697807401996
35.57097668496993
35.01429329369324
32.67857325895053
41.80728228006893
33.434007702681974
31.79889391801223
32.42312619960968
34.401959550542614
35.5775895208926
36.95331823492318
31.48992155451903
30.791388786295496
31.62400399513764
30.803729773163607
26.113900918447708
22.581108503409297
23.623824611737515
29.494446136446047
29.1135200929123
28.857409239405126
27.048035769283757
23.978663908667844
25.479020590475717
20.69621451628186
22.005880291338705
24.348499770627978
25.888520263112532
23.20420469262801
22.54802561707487
23.77714241456296
20.97004113746817
22.545787301309993
22.448182136809788
23.384952477302306
22.464835644455295
19.61824470079038
19.721856695900016
22.891823712003468
23.62313191307074
21.402266263003458
25.447880248914345
28.430089055224784
34.089041939457445
31.264888158519504
32.23205741075257
31.485695948107654
26.632193307788217
26.967959689373956
25.295999625878313
29.609916694096515
29.95191140293924
29.87721968857137
30.379996191299707
21.8374255532657
21.859978713741942
27.39488020571269
29.225011924723358
29.617751980697715
29.302420236539287
28.359481478057234
28.57318582245146
31.793438720911794
30.05422274221075
29.067270780371494
28.279974774692615
27.570700941718517
27.997941977342958
26.06447408154464
22.649050743422954
19.906540454444993
14.275812182306035
15.526230973111774
10.973217668957918
17.427579569413226
17.125058551529552
17.690360088900086
17.473482582129275
16.70972360572009
19.362565448481135
23.1088598366181
18.965695555872934
21.107049882292454
24.66446346066314
19.167662630082187
16.76978364855574
14.745672415054454
18.744032729382656
20.768391769756857
22.316832143649872
19.840147195011408
21.47465332402577
22.300753203217788
15.962026172827537
21.951636943322498
21.257148539221898
21.2039338840389
19.027383389212126
18.32404970572392
9.644344724837762
9.541108288357078
40.56020036111671
34.323968999319575
33.339254239754695
36.06285716498946
36.57984189144408
34.969806843439386
38.054711028668336
34.585810987083335
33.57268092360688
30.833300140755373
33.34123917829742
31.368697219591684
30.704435299349846
29.401107148552033
30.665103539278125
30.02672309916977
29.07634235708827
29.674986288012313
29.355361670598903
24.945202999710652
21.36186684302954
22.257814677842035
24.28124821923519
26.951132427302678
22.340181702046852
23.565191570420854
20.96166124784515
21.01423044865397
21.061272968729966
24.292673975685748
23.546214045874375
23.726690732608546
23.648060290162164
23.818515512195624
26.792071821234305
25.542735105392637
27.49867504153385
26.81545183322299
28.305053088167124
30.210756949860706
35.6889036012815
35.867702651624356
29.675125777709816
24.02685417919962
29.28068080145409
27.319695249598922
30.65081235321621
30.303237614643272
29.37041156503028
28.474656548928703
28.87702042429398
30.80016908579937
27.164791842537507
27.994642816071515
30.18336280552845
30.345427027319804
30.269138974220855
30.12510838740271
29.747291949047387
28.063302732170097
29.976452316295006
28.594040868506262
27.68525347154383
27.61223434528556
23.949972675458728
18.666072985609766
14.498710141406804
24.051323171045407
21.48893062763033
20.09019418657851
14.462567971488568
15.890770732395351
15.517049765248426
18.798436350498985
16.69486245305035
17.994183300962803
16.507803008540996
17.795752293051976
16.973817487893715
21.459253252846498
15.540829909216939
20.688541662572778
22.200962673398188
26.707255170352973
23.198892212206733
25.592933393229675
21.796044772497684
21.887820137764532
19.53852831420797
23.07305855647466
19.31910768124262
22.51834810308163
10.730984473520373
10.778426047082505
40.26084411553655
35.26257743501401
34.00599861725373
33.96142975574337
34.35635501090777
33.61326292152127
34.154181645059836
35.96924187978184
33.86098216809299
33.10475047653083
33.69443936399713
30.78793166440339
28.40128952915027
24.835636123534464
24.74907834103789
23.668588540502338
24.607484949417998
22.315720235750376
21.474600976113127
23.20728578424551
24.037080249687104
24.243342561926756
22.13366828506816
23.241470236871574
26.07570959091729
23.223096506774787
23.21762372920717
23.19078759643535
24.294166853415554
26.753581777680953
28.29269314984774
26.441087931124102
28.235534876986602
27.420646823253435
27.91493188489094
31.436081346712673
34.75156064669905
31.436894326264568
29.66505629538665
31.950283708947694
25.96701102757355
28.327656788810252
32.61455619028321
30.584783285343665
30.069016889929745
29.315398620394813
29.415552083216845
29.359342329050502
27.27574369485088
28.68012721005915
31.881903498367564
30.67475215897
30.62417709043571
27.95241156645224
28.370170600842204
27.17994233940721
29.579918125495052
26.53798459346258
28.960873588449427
27.0426675493109
24.948233978165373
17.378624017598373
23.02282713006891
27.709601074189518
24.50543736331714
17.993532382823954
15.694765043388525
14.362174193709322
15.428152377660897
17.891666661916574
17.031084732028155
16.700074827046844
16.852710323391996
17.261472826008465
14.204780217846416
17.636430017563118
21.053071256980136
16.35009652535351
21.890361866488348
26.875218105144807
23.41734915379597
22.026457311144288
22.10323217467168
20.561963047082568
25.424246806158365
25.522923814800166
23.35493510825356
19.591777772341462
41.79790353552538
39.440424644591346
33.78319510988862
33.86259650392926
33.644706600678944
33.89620550502351
34.663496823911416
37.627136079568075
36.22961807183114
34.90659364734167
33.8998005228723
34.36302538758014
33.16638597099386
27.366362667426795
25.86561126363583
24.58007885969091
26.04215935387405
24.659303670443585
22.11316300561321
22.7410536630602
22.69878097952364
22.201241116971485
22.64873359113922
23.84438438688195
31.232945234060328
23.275567199423175
24.583543531632092
21.048803139901636
21.222230077330707
23.06773558685505
24.98744623942366
27.087264254179058
26.316107015586777
27.932682735344983
24.883710132630352
25.396623170876016
27.514144761049028
31.982913784069908
30.268313614503167
32.009599136446184
31.292687016483324
29.596078904197988
31.83620461827362
32.53458256725577
35.9083184246411
39.517950708519585
35.37008211798679
33.62858813174392
30.26851734065003
30.24874098009561
30.09566892690507
29.562284382734777
29.884638512936338
28.39641710014981
24.88101983862688
24.082066537849517
16.874981460795258
15.478023193456647
33.85892131197796
24.71082639655657
20.24057405009322
17.348944309948077
16.816276684885835
18.716409228417028
18.640299617690694
19.627179483571027
21.772469506557805
20.0907434511224
17.30489414719049
20.322184635143312
16.72795571664595
18.57824241304391
17.881950070048518
19.554670524214814
21.851623648630188
20.700818778641317
20.272617386956398
20.260511762358487
22.980029791260115
23.996790508057302
23.830262249376307
21.937331683268173
26.465187317923665
22.1554822681577
44.68349686553719
44.161167452705655
41.13604024443603
35.73354555111654
36.174479245058365
34.89051273125032
35.236831703598256
37.3904337957315
37.07465128005026
35.447600777476204
34.44811218297285
35.17844602189776
33.85748440300416
31.54398995123189
28.022677546459086
26.670341261828902
27.660734492913228
25.89556565711229
25.89008913757676
22.020786396498213
21.71238079776089
21.427722253067973
21.235740328064992
21.212301324195966
21.975308399676646
25.126206436070856
25.831526374956017
23.082857009896372
22.962062562040437
21.77062902414454
23.563778643732014
25.977995857495035
25.743981272600628
25.798504390006663
29.036911740638544
26.25525118642939
25.537844658083444
24.897919967287926
30.065170435533894
29.786584529495528
28.379961441322127
27.823145866611345
31.354011710259257
26.997801736342648
27.520330539099476
31.19516320895194
30.01483735712863
34.728002151987866
34.85348780424761
32.950646480736395
32.31970918860308
26.354007233988344
31.758314484290725
30.5066833222807
29.243811711658037
24.338051926560894
22.01863643167637
20.17326509499588
34.816182862427965
26.256065931838226
18.651214880160804
17.439106470858494
17.52751361701098
20.475514356711678
21.17654631973156
23.39897826990373
21.43240220294858
18.524211236034727
18.538874049020947
16.163564902495338
15.505633684368755
14.505159408530247
18.457639244489304
19.6782166231361
20.64822835577316
19.623495666238842
36.182780461499654
37.02417418141871
39.36014575852291
42.05983582719893
43.07011500730295
39.6007396301856
37.72728176977947
35.67008572416484
36.130858100248844
36.054431372107814
33.28652141002705
34.15502912257365
33.63664626504674
34.708024704722305
33.58999802381722
33.153188933208476
31.23452928744931
30.83213594141209
32.43822012455173
30.11858917391257
30.83068998370783
28.451922338198802
30.806837812955774
28.156180850936064
26.544365584356644
28.320382366536528
25.030036005893432
21.199122767575496
23.536628250094594
22.16874089248455
21.737820176747285
22.42456618950964
23.80514153015763
24.479187453868597
26.346807895626405
25.64241077031424
27.052418653070383
27.141238170939467
25.47564901484478
27.43285733182231
28.06472786749048
27.944917327429117
28.487093944813093
29.217576705949835
32.77940546879427
27.686107579438737
28.249101554322486
28.812512028114497
26.684575860954734
27.94192084569617
26.394658600470787
25.684399768059887
30.55713574500587
29.295362993709617
32.89542411757979
31.375087735509016
27.506082747126058
25.94985402584482
24.76596819545177
27.708685411801756
27.162432581373313
27.124458654833425
25.383798632029528
24.755510807355023
27.40981279472626
25.51905312576474
21.983033496048794
21.403483196578414
19.154861543648323
22.28195791479244
19.658974363853655
21.32869149559793
18.541005233997893
22.11502677085999
21.37679785062811
18.602705508429107
14.663225126061542
17.82511049250698
15.481875403814065
16.370763099548604
21.32472402240261
38.072298433036046
39.60062676904851
43.18769741709385
41.65362722006576
39.838590387726924
39.231642130522076
41.32703683537333
40.41697421236264
35.47649358068519
35.81934951003389
36.14795185041491
35.634723008813
31.93574079404631
30.51410231144169
30.120819602294088
31.430056240539155
31.357842135190317
31.84389284120854
30.474390384661284
31.602123278179022
32.600886713647604
32.46984200186063
31.790041312988198
31.910972305958513
28.84924203936699
29.114763352868653
27.927249330073728
27.669483547010866
26.752991080139918
22.455682199094035
23.19776635020573
23.445089986741984
24.297037256433924
25.635055666001964
28.67569895068767
29.807265064052597
30.542561729177205
27.600342972397453
25.71680033374613
26.875491823844616
27.07538804446128
27.76273588467457
30.559003536958137
33.3096782260354
32.80878411125986
32.30176244020852
31.44014644867771
32.584466977034126
29.48224699636231
30.37842509169474
29.621025966972294
26.278531633393662
23.61068674063457
20.55319010323163
23.95055883408628
27.518022345473355
27.87138085453221
22.505197039134544
23.710649756539357
23.35471112025087
26.291880776691688
28.82618794092979
31.227615885589667
29.15640102072578
25.857495500848206
25.670208165288138
25.77253294185154
17.597009305222116
22.213008420521515
25.79740891830207
19.907748886946305
18.868194832495377
17.777867692256603
20.130976041236828
21.519140695922385
24.51031138251788
22.66522844393409
16.04825244570385
15.037729697057122
17.241466977829194
17.66931485707234
19.252995015676678
18.95825602530541
19.810109310721597
21.426032706183662
19.873475943495045
40.10840754103414
40.37343859362424
40.714388897695386
40.55146230927628
40.354873587782514
40.38369035240958
39.52074955518887
39.32432545663009
38.889596422010165
33.17764553620549
27.258312549038784
28.97967639081019
31.297739896336513
31.44920992543098
31.733883571193875
31.10323957214738
31.543936961816033
31.204484189111003
31.83006264335859
31.824146743560444
31.18395444470064
29.571649652669397
28.968097097005337
28.442248034340086
29.011803895346674
28.024281201420486
26.277309861457237
24.087879917733087
26.83034438699709
26.190495328332457
29.09554073781084
29.974705190882066
29.3133337566216
29.68587669299526
29.89714995312597
26.620004717003567
25.071404983557883
24.85468834296376
27.075069519210363
29.242421075841744
29.785227795481358
31.98357712516781
33.71554361116003
29.656022796357366
28.826856695452744
27.22480097918926
27.347363413621014
28.687232355001093
29.881421541642357
28.62687406092528
30.022105035326696
27.296362847024888
23.666730349382128
24.17450047888163
23.256872304215662
24.744576132139112
28.48636765477158
30.20407717759287
30.843475348808752
29.403329195080655
27.215961897210374
20.26713676092832
28.630324746557804
21.049810333264123
20.423093199449134
15.681412220119228
19.131863217050142
16.261703518146554
20.248237027971335
21.827370727357774
24.18040463929769
19.064971220384326
20.10033206279362
20.90002563887802
21.457839224579633
24.710950548256967
29.78555154567109
28.242683969253626
27.90002705418862
21.579332924913686
20.362240502719654
20.958205434091514
37.02704821479195
38.65881841333515
37.75278336636661
38.884794593706644
38.65353438994717
39.77350470659519
42.43039227626914
42.186364819126695
39.60637079851221
38.79953872295649
31.025617630976253
26.395032243809347
27.581042595332754
29.754581000417698
30.044698935261486
31.90795248725477
32.71706442178238
32.359238680809185
31.82012364181094
31.56406658172966
30.613502651845803
30.27800996585912
28.399885830762056
28.817946348114933
30.327636909885985
29.418524636895533
29.46504918598349
25.94293972731775
26.205463197754394
29.57283239020889
30.01902698003156
30.085579398925496
32.153990596089855
30.635220764583032
30.914409741981316
28.77449056248432
27.477459771406256
25.644465159342424
25.00678672716998
27.66698542529683
31.632221074972698
33.422846475388155
35.70256207694648
34.784008864460375
28.592604431543805
26.545959764003925
30.13894502739272
30.393187210573586
29.759910062661785
25.338444426036343
21.537271747990573
22.017382866946797
25.144548170967468
26.542348690534528
28.248577775313187
29.067181708873406
32.22756635771163
31.836995002781784
29.628747604254833
19.808787293944135
22.96997825054767
29.12557945749719
19.915398625804855
17.45653530387817
14.45163753859461
18.469180328810264
16.435775389582965
17.112399755007644
14.654387575539715
17.882197162883102
23.33160148299553
24.850002191680183
25.726241489514965
21.00800063810036
23.955131961700143
24.711315829356007
25.937156628857586
29.738059735417053
31.93650496113086
29.188257536631376
27.191629530334268
24.28246091819977
25.68247633607568
22.365775690541046
18.27114050510274
38.29563476505209
36.90489814085896
36.22334529676324
39.90569304341806
38.76948447550977
40.022846449028435
38.89522994502469
41.245536701929524
40.58354755865916
37.579148132350795
31.433161048375194
31.52077968107868
30.40949628863747
29.593366961410656
29.228176353525146
33.2536000906565
32.60964842745689
33.03547808907579
33.01648431893507
31.659807849081346
31.9120900525316
29.26165733525388
28.85876993347253
30.49530430874442
31.282238866708262
30.239401810196775
29.25629449904314
26.87515868128099
30.589514771827094
30.768904073032328
29.611205628836707
28.97698304773055
31.33965422472052
29.471196563076614
28.03774361962201
27.06310266929915
28.185380610794216
29.113363048909925
26.437410417144022
29.842318576506038
36.52047713538958
34.223324831612295
32.595283708401375
35.42319983188635
31.767833807407545
29.220301048579945
28.690522222335602
27.699896320333522
28.191811044508476
28.62499204253567
27.82816640624436
29.79652849141939
32.77057845081801
34.53210798423983
29.4242151675323
24.300866419780064
17.68647205641849
20.591214873124642
18.86596753597572
18.356922252387413
19.441554520180965
23.411129855516634
27.434312523401857
28.297851262587518
28.766445291151143
23.357309680709303
26.33724299674318
27.40371544091542
29.563703402055435
27.90486700050152
29.841530423401633
28.329397631612917
26.448748121973257
21.560992755566787
20.209330231804383
37.70429355072555
38.0926889613276
38.43329787666904
42.83969514000874
41.43533104210599
41.280476107532856
39.819932447644916
39.337113185309185
34.958855111069084
32.44710622598958
32.38717748261946
32.58356909621125
33.27205565041732
34.76416554932145
35.0451752296097
36.2504370693853
32.64050642621854
30.99994366925429
30.86483314626329
29.71917879072748
28.203623016870147
27.324495977841263
26.017917532287225
28.54357913257893
29.93431189529059
29.554106088685252
30.78009598881246
30.389892604167063
30.49650073595096
30.437094476901905
29.884957745685632
29.42928641993029
27.46188212845599
25.55156867452354
26.40131668370215
27.63143755293654
28.423338183668026
29.75286127572595
34.36352786275053
30.821793922398545
29.190982294740262
29.07450856861273
30.839054373206043
31.433032264987162
36.502017106193854
33.520269725131904
33.139173688332775
30.199157649723663
29.880334366592972
32.073114462730025
26.074021962074013
15.721637527160118
16.708956272750957
18.26688031543395
17.001435524935346
15.196751893874456
25.371199760626467
30.809141996570542
29.68759122437478
30.26334945564401
31.3222055373958
28.281378988341384
29.292221049214103
28.726974975625513
25.46602609632349
24.720623683101447
26.3045284759639
27.022401375281184
26.553917341210546
27.15884273388565
29.158999490782268
24.812834107567994
23.42419942357226
22.834653275244186
20.520526548756763
34.800214886424065
36.91256944407422
30.717767804337296
35.613182717668145
40.62750909252728
41.514536575847
37.801004506085135
36.68620936644933
39.05074737755898
36.38621863542347
35.731865139780176
41.19160291837333
40.85440699703241
38.605163804411085
37.60393316218354
36.93880622171668
31.61429956270782
32.7221968404382
31.634399133509444
30.729029581710133
26.20357130453682
28.028783658250937
28.53322237091954
29.383575921782835
30.65984621721746
29.21501407727338
28.29942409914042
31.9273120399146
30.265147661473062
29.720931299130225
29.28986512764347
27.53929822872028
22.36142542043219
19.465189462072328
23.950591956492673
30.33853855065539
30.19880705621588
32.32626435819625
30.45729498934615
27.715868910038072
26.458050347444008
26.209396735783194
29.40494961998957
30.778288080929794
33.59001776813086
32.28777275199736
32.106801028941156
26.297319347153696
28.984516385964014
28.086529711998054
25.144170339447527
30.78915253724359
18.984101942911536
18.813075982753872
15.236136078615786
15.673301812022517
28.523669278433474
29.32971530404907
25.32717586396136
29.15203707688759
30.32918942284421
26.159012593868063
26.45990774426998
27.38253091663855
25.064540138029464
22.858744957260715
23.79143141931316
23.90389471003563
20.894401733318333
20.89392589129802
27.359959031450725
23.067516506662532
20.60572547994161
22.220718133232992
20.702891369997957
38.1511695804725
38.583921092875464
38.866597223352294
39.0850648541188
40.23752040875125
39.806231797963925
38.2708895521422
37.66502592938159
39.71788173271105
39.92874838607629
34.93692605469739
37.018102887090436
39.550598018276
40.099746652288275
38.05066913826593
35.79198544279171
32.9112777987996
31.76914205144858
31.798443611473235
31.844874523765228
31.540483402791153
29.757907693628702
32.64146614538629
30.936028013344185
30.68410807932256
29.983492627432334
27.83414823557823
29.949310812801034
28.09631385026874
30.084891092760333
28.859158966623834
27.392514300479995
23.914012056606662
22.46871350872025
25.058659569524625
27.668747328056302
31.948723095604652
30.589454755872524
30.914910914444892
35.05733940156116
32.03798839228544
35.161454396178165
34.74518543346909
34.187564093916855
31.535069345335017
26.729021685697088
26.84141346162946
27.90475622109777
28.385582707072203
27.021566897706464
24.582289657233765
22.94742746606195
18.972256375533757
19.248754268044195
19.553150455743705
15.760976222411966
17.19604888041948
16.49890758593554
20.180434616557843
25.631424332508853
27.178783983591767
26.38159727601914
30.56608524450645
32.88437457257602
26.039644946328316
26.816755006501754
27.070664491856967
24.191645212504714
23.37777693070882
22.145347188183557
20.851641584118124
22.654277836324678
20.446594343281593
20.330971309671728
23.952584672820254
22.271571938354192
19.196093696364596
20.38294437421066
35.222067599973215
36.00916835193437
35.81772385234549
37.61659524403743
40.21819118708949
39.2567898086102
40.42114482988511
44.45961494936029
42.74372641763221
40.7985488857006
36.39638716292712
35.18791525420601
37.13953467305927
37.35982121051411
35.29059191296886
34.54683284449197
31.032312851552888
29.825040869825113
32.83842431758173
36.99499849163664
35.52498929443096
32.73392188292699
32.74985221068596
27.796750123899567
28.464803641810853
27.402837168012226
27.30169582974431
26.55739539184106
28.402406154706057
26.543861101773313
28.563113648002417
27.850335816004794
25.89663921417141
24.69010448294289
24.763208976730088
26.54615630085945
29.662466381656937
30.722424983488697
30.804550117014298
30.691802937053343
32.56334023633915
29.765052421513044
32.37877943642965
30.52261157373773
29.68387693501493
21.754933007250386
17.38301319428658
18.126453116640818
12.534390149918584
16.30942377916759
13.952