6.595831345845767
5.579666064998113
6.967093000429832
7.0467069858427225
6.159242510007291
5.688131846509726
5.416510465472171
7.202529878938795
6.898543010288561
6.4010951861368985
6.29649606080896
7.429624570612473
7.120919223553693
7.480735389334924
6.586688500094889
6.840475238861493
6.715514358950924
6.4168807244500226
8.881214903709719
8.809277344237643
9.469953419778788
7.599266599333362
7.158422692269955
5.904638524171852
7.57048637774274
7.684530870843888
7.370221273418802
9.964741901231218
10.669973238596183
8.03115110710768
6.780085703604095
6.008072448486999
7.071635902794656
4.735021139998549
7.393212046895504
8.506048515482767
6.7992838846505315
8.12511821510328
9.57746821925704
7.863298036444378
6.821935393766715
5.105723589184377
6.880408070591653
4.725535816386678
4.877973426917975
5.124879615410947
7.6477965554211815
6.973602994509813
6.125655119124359
7.332357717976192
7.565824735523096
4.802822225675231
5.305055307615036
7.556583989455296
7.148933330560297
6.752016138231679
7.460975233679434
5.076446595656201
4.918536407786254
7.474868779828303
5.542069152499014
6.106924103384517
6.659543289161812
4.109721056367244
6.578628490773287
4.942829737879611
4.874812615524834
4.646226275207045
5.280652273329878
5.542502490993886
4.596638843590566
4.68857167147375
5.564049098663572
5.903197048243972
5.923272611910087
15.71097662396353
14.220852896627823
5.1296629431235266
5.568646421912747
5.316737645133904
4.348202725318807
5.7676822527037
16.335620600591835
13.869080191872568
12.376709678272444
13.191664094856316
5.792923099109332
7.049758876570455
8.194854198135154
16.36769713620445
15.553269647734433
14.45283286795012
16.65725992763606
7.4188787378757
8.074107939479358
7.664845134035762
8.978476825318909
17.634712404999373
14.774385516208657
14.359059155855546
19.814927245064098
8.299086690335583
8.30098978507849
8.52803056255931
9.641435034456315
11.504196789708201
10.561283273821383
11.47218250956916
23.12618707429482
17.272457227799958
17.223908741909362
16.840727044114146
19.277001851044353
9.960808399285687
9.808490863458985
9.035688831206784
10.796451544088532
11.497156762331263
11.082881908508092
10.668428485972596
10.582397891453917
10.45223959674394
11.565523212945928
11.210153278428216
7.222799757940898
11.657792695801538
10.838283176811693
10.772835921544969
11.584587496808641
11.99820824004487
12.245716599018305
10.517353879031024
10.644432249826245
11.116851220548577
11.13447308871379
9.24805564485
8.062926771519447
8.217715352551929
6.794630647341219
7.380939667536456
12.493171715779793
13.25424583943983
14.45228802347302
12.859246893286121
11.68376615247076
11.578272784910755
12.185282658347143
11.545939276316494
11.052023832820083
11.046466253863358
10.576416189342803
10.352453143573468
9.45497375460501
8.516511593354304
7.491304209418845
6.992948066455128
12.654326159583102
14.80498453550496
15.75281867113776
16.083472071499223
15.349305129756463
12.820617438869288
12.478924462017856
12.586768186957924
12.753582454929512
11.497104788524661
10.26061706790365
11.493718384607048
10.238169007657348
9.929726821966083
10.266835121341627
10.143833031699138
8.550332765540327
8.547963614525704
7.699967112676788
7.967850055729036
15.909267209050958
13.548178798442892
14.831583688766427
16.40349749669878
15.907238451899602
15.34210160777489
12.824143747984778
12.776178604104526
12.623924109231623
12.934667325808027
12.086923369904484
10.534555004142819
11.407099128685855
10.444653829269292
11.372060664731036
9.835517639174565
10.17087354270884
10.473258310580272
9.850739372478678
12.117140750968387
11.39764972004891
9.298151098860503
10.309318757598238
9.520514184267798
14.697890578561623
24.132373630333475
24.625592159154085
20.88872773838519
19.213324191870306
13.719176355942409
13.45429900359357
12.110436105490805
15.513483581129023
15.582713230355372
18.174873354215183
12.62943546563003
12.273716189300785
11.889202660099617
14.927053355413939
16.81028792125706
15.245513797407595
15.264242777170455
13.536943717280687
12.520772955242679
14.452382529196322
12.434612441264854
12.39086161321675
11.706568481634193
11.150019525909187
11.64819516671671
10.85986939204851
10.789020463650077
12.830558538898488
12.04255725950577
11.204207833897483
10.03417237177648
10.484630365076663
10.118228282167731
12.774186012093967
12.943808439093312
10.160488415682135
8.93434892098452
10.010269815696645
25.00775374481724
22.51441795474669
19.829844563807402
18.94089424264517
12.255368412609634
12.789158567619824
12.90452906434944
14.349786146539891
15.600114828843214
14.2774311836214
16.08954033119901
17.233162487369693
17.6657628569163
18.770178977492957
17.99077738626546
17.433813747906758
16.882081537022223
16.471403435840234
16.527797038936942
18.122082561370785
17.71767304614962
13.682563653580745
13.211098174136858
13.116898869797335
9.684499711982214
10.976747975146393
12.845451274195327
13.303850810489667
13.825826450433144
14.37757160893732
14.167378606510287
12.149582396993702
14.673373488130547
12.229416041212795
12.87651802936322
12.210641855007792
11.553422220904435
10.445493847172258
9.25059081956386
10.063665253567903
11.804081066951507
11.264203650942708
13.013479245282358
12.517693151879222
10.769175123675712
6.7627640704517615
9.51488202056136
11.117540547266255
8.90720319559129
10.870573648645143
11.548175626046264
10.43971510916645
10.121124801917341
9.831088421078517
8.644486033917145
15.91447534445893
22.634229746425696
20.858472103741853
22.022811448760486
19.122580601360056
11.778359637699987
11.667461928495843
12.97913272114659
14.727429239990045
15.019277555497979
13.827276957429365
14.090489929824573
15.138035345989723
16.69161654337809
17.758951458788466
16.58035984417587
17.79423954704089
16.270809683888395
16.507235921032212
15.77245856091016
16.980759624120882
16.793312724353875
18.72138071539064
17.433987810605505
17.111386380158276
14.940531265264216
15.136893758539953
14.74761899766482
13.083224919837285
14.895773539518494
12.957954840276136
13.088594886821019
14.137488152824055
15.847698150880644
16.344608066006337
13.19477932579985
13.063832381444449
12.505512429866634
11.940340978752902
11.188487936868196
10.911124748154261
11.073096303905563
11.511180086128624
12.684519099518903
12.639659059175868
12.9106462011835
10.702015144223928
9.238240381769973
10.33551883340041
9.094338682842558
10.242697204458452
11.513292764481758
10.790486215930768
10.530924152473858
8.490155438942265
7.169795094918374
6.7857349346356415
8.074015644127066
10.918753704702969
16.30827491292785
15.433796154401675
14.318337896805922
14.095561138625154
13.630861327616287
12.225394390250264
12.534537461865048
13.363044205624316
13.231953263632487
13.233248657478253
13.31145635622997
14.358643785152015
15.845324285246685
16.475514006949403
16.085976388340207
17.76331536501558
17.14848281229852
16.932202284265642
17.20240481042501
17.472610683575233
18.009336991035013
19.191090158037746
18.482149027163665
18.244331565700147
17.9869339291627
17.276356514640497
15.494568034641905
15.476882836161582
15.40833984117047
13.811372330218116
14.005506056361217
16.19960974992441
17.962759400882433
18.4926754334053
16.306757365832876
15.146498443116991
14.019699385082077
13.43698654952133
13.135332916274006
12.338687376919218
12.262301056974724
12.219324570267377
13.103904659726343
13.503812617131857
10.69261209607293
12.418300911797845
12.029220003540939
11.64610681315422
9.761665929662312
10.493921597769086
8.97048790115062
8.979195943647616
9.299070036294282
8.531842224599776
9.49637766559975
8.639503570515286
16.34103847791617
16.353333910668336
15.943980230298285
15.363077986458904
15.069197692430478
12.552715063568852
13.81689658132015
15.145829413191473
13.301577388960883
15.336776683047692
15.542932390167788
15.00789310024974
14.681279862942652
13.761266626678543
15.575051643215465
16.15398923511111
17.303599877828884
17.150489701519366
17.859938169746407
18.98468401473546
18.435706746498536
20.13503630228954
21.411474388518133
20.072165148075694
21.249036690672664
19.328822829770125
19.329986142459823
18.792114851157695
19.708979602323268
19.803002955532325
19.85623247479223
20.503910537805787
19.892615185929095
20.136404447199595
20.35263794132126
18.97247306465311
16.84341374228063
15.787980085912604
13.875619484632091
14.131873629155066
13.160608381132223
12.565903050358513
12.633612062363795
12.034573581023775
12.28566306173624
12.258638847547664
11.133595267281986
10.915470565520687
10.740876826339507
10.39990002135541
9.729152879466913
9.278597407735662
9.396262073351627
9.36870512296513
9.580637855735423
9.106782534448106
9.121497120207918
9.496711452507679
9.592999651817262
14.526429665067106
15.259869591178088
15.364304048080298
15.632169709877061
16.60039530615784
15.58598230838369
14.048301746906564
13.515568226492048
13.394414818892763
21.28218812534603
18.78256618758969
13.706089244817589
14.768716757691468
15.493436053537932
15.345251342661385
16.1715512250724
15.481460640270864
15.754800116470022
15.355597621935694
15.381045885552753
16.568697218532275
18.035441799198956
17.99402033771189
17.70465733221488
18.274132546959155
19.631898687021796
20.332172696144095
21.712699095934518
22.265584842036226
23.591907800989148
23.114351185220222
20.265081671365124
20.443958795147243
18.005509249212537
18.535200539319547
19.965732703252613
20.547337360816673
20.622512213619075
22.084782049937985
20.55307328282875
19.83350258516112
20.2728676905047
19.75410826390464
19.04038053222875
16.64094769607737
16.7507433469109
14.781224742747082
14.294934752055564
13.908569434359903
12.867838310032491
12.653158944774372
11.317252651922534
10.483677887558281
10.966813671786445
10.212826691964128
11.144290639933299
9.958764512996845
10.282519251567614
10.387021657287322
10.73446378951576
11.274151008718915
11.790014195380492
11.491574901425338
15.23021072243182
15.710329155858236
17.46268578111658
17.2532602943368
14.399592144651656
14.971347235643574
16.345050058727804
16.994910329733415
18.817746586057893
18.68755163567155
22.82003632328209
20.451473193675486
19.626628541076443
18.52230558568991
15.80817485741978
15.698125068706522
17.05585726892254
17.98101974086067
17.459733000194085
17.495702232831057
18.51125179518482
18.80278308889937
18.079351281137747
17.452137539037814
16.284991731301094
16.83590275673227
18.240709829570473
18.282136662814874
19.250909101037266
20.12744753180673
20.797087037189172
21.523167891970363
22.252947444998814
23.32512878197169
22.557764321105886
24.481989706649614
24.531807315371385
23.98480752843647
18.292145019564952
18.80699917849817
20.224499628231005
19.74363146412804
20.459948202325275
20.985681941569126
21.250166981830287
22.100458964225812
21.464336359234373
19.428719751320457
18.24215722490494
17.97198250628842
16.548570155858968
17.230394354079994
17.53864910940635
16.71274676697895
15.965997591221985
16.477555787261924
15.097845695165681
13.376046578395407
12.58468093979732
12.62075963357955
11.775164493058424
12.095491191122182
11.794732710285016
11.074628628132784
8.53807078801806
9.137652503221677
10.89207233530059
12.838778417682143
12.80548592882495
12.53335526963382
12.10898819922207
12.137170266046542
13.679959258245887
14.260389700280854
12.296558199222284
11.838555141343813
12.242285925729197
13.385594412590306
13.78421564578223
14.959156267607371
16.743320310395244
17.215637920608767
16.743864793520256
15.180424620186162
15.714754284034907
18.266415433631217
16.961608653929737
18.51662086857483
19.16713124028181
20.70845877123601
22.375723241719133
21.284769076576662
20.323254226300964
18.788582342746906
18.07919669088554
18.720155363137774
18.286141558483624
18.055130955008064
17.47565526607013
17.883031451894293
19.263576238087243
20.09123481806756
18.64639712960388
16.965703738441313
17.396952221887673
15.978850804691742
18.035618600772143
18.86529540749051
19.204636970846988
20.57511798275372
21.068220434597762
21.71986432113914
23.281483214868736
23.286177777185006
23.34589864927588
24.45502030131587
22.793003319029502
23.185744606505647
21.878347037840758
19.050769526888736
19.70105208876622
19.380460325562286
20.862822816947414
21.72706552716801
22.75661881700597
23.56834464975836
22.870669729007222
20.927623579097133
19.79960383182699
18.756633223246922
18.510497098999586
17.20317464568601
18.308371822585855
18.062003982665022
15.477329293315028
15.982704623332335
10.45428610504683
12.291148397619382
12.012738482357799
12.510561804436415
11.295735024707728
10.092797883910606
10.050062508772028
11.711066698232715
13.530261766921956
11.935259985857762
10.327737993010892
11.601478571150585
12.901460929754007
14.709475712816685
13.344021805819446
12.586808547398576
12.91632871428609
13.185351432701715
14.460474687048997
13.96847667130855
14.460648875882304
14.395097709662203
15.063242055459616
15.687838756953324
15.17865384882501
15.336272771486117
15.958166033332098
16.611933084868895
16.05506974429271
15.789253872274177
14.734652940435925
16.592607610365366
18.32110951856732
19.976904519004414
22.022658981719687
22.532218777588604
21.25849910998498
23.176923464100284
24.69770847983974
25.468673410027254
21.81654691672077
22.473958936806653
23.628351082401416
22.043233796982392
21.876321690217654
19.78728692970779
21.02380072567578
18.807787512518818
17.46060284873286
17.343591622245913
18.46708255910026
18.867368211257357
18.380317086603625
16.522168934343057
16.020140063532345
16.619541013170284
17.157372272441812
18.589519147082637
19.14843472559101
18.594175224927
17.923548016094138
17.545593946737135
19.301936008520958
23.6009196077027
23.98439616908953
22.06227169751561
24.034228713630274
23.30095610315237
20.149795681526864
22.596688054611867
20.884251381380412
21.401256446853886
22.441456311270716
23.353366774063502
24.780600529342635
24.598940449525447
23.563061417688854
20.598357087560018
20.36346711459164
19.621855918820454
21.96749939791438
23.39742058310528
22.5593129790742
20.61165836550225
17.84861296805549
16.395743623194655
13.814952232371576
13.711509251279104
13.382263266673341
13.034241222349864
12.222033016539944
10.115545755310908
11.790414939533418
11.119491010257477
10.59697037484881
9.876807275598974
10.095179562005324
10.643590880094466
12.099924525373558
12.694796257356534
11.417674113370115
11.725658589889179
15.094809966914266
16.773713074778932
14.566776433740685
12.606967426158718
11.140859440368986
12.288365600148044
12.971221223802326
13.909543244423553
14.563428638590754
14.638311712662256
14.344633347921919
13.903758008158777
15.10129181248053
16.042490244152056
13.454461552139874
15.018097923661966
14.244328141770197
15.15578161631743
13.966292447782054
14.716117514367783
14.654216052365177
18.61559566789396
20.46809824172074
20.409111811504907
19.29471300287098
17.551247857391783
17.861354747490793
14.87962821334961
24.965433234655084
27.01484208997122
27.69336841441443
25.567774881390356
27.718027619324516
28.98916973877245
26.86266913140132
23.957976229501465
19.70687988541767
18.41571248942131
18.768119870050736
17.736783209382537
16.198958259305062
16.680138259605048
17.7510009756483
17.526009375601266
18.89772833962922
18.164239724126436
16.245313333656227
15.75157625163884
16.385530899025603
17.674871819286007
20.12188633417697
21.42454814787114
21.748221132345822
22.230263064863582
22.435808997425045
21.28932489252944
21.507438348133928
21.280011098728604
21.316095111028105
23.62474535938852
24.24964899077769
24.876247038464633
23.657838369928015
23.248852894087545
20.964232083162205
20.39526697776702
21.511663705455227
24.592070111945574
23.41867150951026
20.843277025239683
18.816279683909688
18.70850521149482
18.68627808729609
15.571342502077814
17.035894397325244
15.557387922396266
13.978073445896618
13.366478823681453
14.048967393337318
11.939276173055523
10.554765273014505
10.731192132910026
11.190618265772565
10.978014499645784
10.789779239833544
11.936112039748648
11.955339618095964
12.961908797029398
12.082332160960634
12.606098223922897
12.028775529667186
13.29570177234448
12.53467537577937
11.549203340571419
11.622279399860382
10.377240762420652
11.500259730895992
14.11908668457784
15.042190522575204
15.234905680695995
15.271503859849979
17.518731562691475
17.910872284712354
15.786785545410435
14.93911851991857
13.05766507658262
14.480126920882771
15.904874370412747
16.75663658252312
16.561645461263478
17.0924928138932
20.478469033591583
18.974567831671713
19.599969157636604
20.23308826736052
18.340787835440203
15.627370421601144
14.502913692216225
13.502770227393208
14.144917738621922
32.72178403927559
27.506427046473636
27.592434586037022
33.1032518095936
32.44186101419688
28.976057102989685
25.01301860809181
22.352387331647353
24.701681936332015
25.251909434456934
18.884298868782416
16.374536007118945
16.233503227471623
15.810647292266486
18.03286582332946
18.4419905706489
18.338397955454106
17.645579062546386
16.2874190744016
15.451544475050516
14.947395176575595
20.700384803186907
22.863195309101943
20.149553418214534
20.731357510105443
20.897908341157557
21.801783734644648
22.88476507250108
23.429260120803644
22.7508426769167
20.502055776408948
20.39716079861768
22.123873383377667
22.575715901872716
19.053938108367593
18.759125872727697
18.556155158272727
18.7414163802273
16.121275199387302
16.26887143102339
14.945255373117034
14.135828272274528
12.054599593919576
10.3997581211145
9.831032157267002
11.902216413109441
12.55490810744904
12.925023384781957
13.201699377797512
12.938459627377432
13.256525285859317
12.41625411469129
12.704606639973342
12.39096589272148
12.849821658596122
10.97178455974657
10.662390670822543
10.259838235208575
9.771330662929312
11.907540069904494
12.467062576928114
14.265152786979447
16.892142412170127
16.21354745226685
16.361856734479236
18.18937650912109
15.424723255988402
12.730414713543684
12.937185595932224
12.29884388227688
16.02255568311162
18.216936958760044
18.185660447153463
18.339643129104413
18.640209533881652
18.73733811381322
17.03689442385126
17.504207510400107
17.28936505506178
16.428832265484772
16.541106958629452
14.246765803509588
14.151220987479494
30.02816634554958
27.69816829921866
28.79583106382772
26.97354281495059
28.592994958550594
33.83661802255878
28.84267339494461
28.293788511181074
25.999128166282254
33.507686690781554
32.448737809144454
28.471185914423103
20.896814198347997
20.36511328318879
22.040577457363728
17.64940661669399
16.77121794356475
15.81750654805216
15.034124169787454
17.310010545744397
18.7475063666673
16.411232275201222
16.668195490389117
16.297728655864315
17.03649712628009
18.7647344325533
18.71203506866402
18.756748664972395
15.727695622613071
19.364365514462584
19.10877505413693
22.547247918741615
20.724641625025967
23.04378581015436
23.581409773298184
24.80362707507207
21.812829030383103
21.11655534965382
19.612243378294007
19.085680471743217
19.377615381318712
15.820427114773508
15.710547775434112
15.756172048957279
16.71237215876669
14.744614928734595
12.316409048673636
12.326317599097678
12.102411424329576
12.098958433415385
12.619935442503015
13.79266573959275
14.02995588152332
13.284291495863807
14.018242227121767
13.87523506986191
13.141332598545832
13.761655775896438
13.791227987723575
12.307113754506846
12.805621189756465
12.346305659243303
12.188815134156016
12.768627369745019
15.254734131282868
17.526259107266007
17.22641970797873
16.95214311806216
18.4858978414518
15.647205591353051
14.765704723846387
14.059593654603434
14.308069239043007
17.618713231189595
21.710620045496224
19.726788739339213
19.33714001531241
17.348650971453615
18.57852564296291
17.38282537042319
15.92614281266376
14.129513079168445
16.8089072514694
16.51946902579665
14.347700917975788
14.382523488515444
14.619250395798836
21.316945193846628
22.529213243260816
19.74613033368029
37.05746104938236
32.360547794589046
29.8494877773403
31.6774625799675
30.862528045270327
28.002167017025982
30.113935287554064
31.600529510359447
32.4908220942791
28.079814317654968
32.53367005386933
32.403613803531954
28.013113959568663
18.86005014851354
22.169082208869
24.866468792669863
15.138719953813354
18.11732866448338
18.578882108948022
18.89710119341462
18.223687395120905
17.809897167651958
18.401950295428207
18.821050249138487
18.573605585039783
17.435009263632796
19.575887275560145
18.37446301573622
19.965675844735763
22.56323778340192
21.73064731243833
23.921704295378454
23.815809964769244
23.101931919666225
22.38294007928065
21.100865740281474
22.23860927586512
21.813649030698457
17.983106376771868
17.494585353955888
18.725652520635887
18.220318027438648
16.83947736674746
16.370786398537025
18.201521535637237
19.26935613593754
15.294607312538163
14.431351999544772
14.566636948227366
19.490644086166512
14.091696800631103
14.591259284436774
13.469887737368914
13.056813156873053
13.919690889378058
14.176706147103802
14.4514566980414
15.078651265294347
15.230568985314765
14.601359082694781
15.12708024037517
14.732222599822636
14.386173940781463
14.641950632316334
16.176465037533326
16.984801322748545
17.133787328768705
15.379028842341201
16.329982707644877
17.176038166555784
16.650155595502614
14.658835779566864
12.887292771193621
16.863573612757193
13.375780231550506
16.485843947696324
18.400677876845574
17.492095751928407
19.777806705247112
17.664625597592703
18.199476100246603
18.818306862150365
17.82136058691674
16.17701396587156
13.247786680604952
13.238174890936838
20.03967314075017
38.65677656843152
31.723653019689696
33.16682267252627
33.97278621863497
31.031228758664433
30.852564715542254
35.173726246694336
33.83035144185779
36.27870732524989
35.52377839651886
29.432094737799737
33.26878818699521
28.476026966468236
24.180405760696978
24.358277304727025
26.667723751088378
27.87803657429307
16.08699936170422
18.119446329414522
17.964527836666264
20.761969835108093
19.647736954774956
16.90425571644586
16.1193102981125
16.97022253530781
17.47820425612645
16.312293590747156
18.716203484002722
20.610158688359444
19.547410094809194
18.76343240875927
23.11656588530256
21.159114609731198
20.036601872886216
19.045401958035043
22.060516514305405
22.191476995970078
23.328175037130986
20.973540822135398
21.12282549233721
23.4895928994283
23.96520099702856
21.83370890803429
20.035478014826055
19.692983508409768
20.500600863548488
18.979124120268235
17.052279905795537
15.704038941137656
16.74819629247912
21.440934981385276
21.08649751543062
16.621978430706626
14.849032136483293
15.614817020010708
14.783467512746263
15.87270375097693
14.808966785609401
13.315803924539084
13.387442049701164
14.089279986768021
13.84881072600485
14.848300693174753
15.544948217891996
15.063838821290664
15.573851786765681
17.54803746489558
16.80802368484408
17.029811663867438
18.608527106051042
19.361031687676846
18.77399753882048
17.566504017807006
17.568630538663896
18.507024041694887
15.644193623614715
15.129477537003135
14.727717919279835
13.946964355715759
15.690708990626531
15.904870697110805
18.58048977978783
18.99795738088823
17.3438700584326
18.485965036617223
19.006136729360765
18.678231796061638
18.566371321905926
16.409548012422885
14.757163828029158
15.64683984932857
16.656270470407648
18.276808637650163
16.595654154087256
18.340316223588328
14.324252686560207
13.292054166310662
15.149934892568021
42.86028214277557
35.10950268740196
33.051704172198946
34.6109759730553
35.78525394414095
31.268921052771006
27.86371188954065
30.89561541103403
39.84019636408238
38.60157746094643
40.361681566836616
34.92736390165559
27.978169407420637
29.98112664355097
29.79101092866871
25.70666547622337
24.137854466839595
27.895469745708215
18.636218585756293
17.77004622038029
16.86477638761246
13.22313665476331
12.813446981574605
16.40125189142473
18.34654761458125
18.090179292144104
19.441952067298406
17.974058944920912
18.18754817054941
19.127997666438517
19.147740172466957
19.46551533927848
19.980754322817898
18.94403430316825
18.54592039229499
17.922900513182594
18.791026555075554
17.706339238722393
20.06144332233599
20.490072758597538
23.472254189372844
23.070694724784186
22.3345676622464
21.105484360713287
21.91774612434139
18.06517940637841
16.930132835827074
17.050996840707228
20.393516827638237
22.240116832315234
22.262258118139716
16.915396632114792
18.93708853298868
20.695927202712216
17.521503691930867
14.16422792709203
13.889045595296702
13.712208368745799
10.387178430793227
10.670131131820815
13.224430603801768
14.80862813874726
15.999664214182411
16.39747078691263
17.175150683734905
17.81887150423396
19.786294387379336
20.720860930991034
22.012607528145786
21.276145850997008
19.460989131830384
17.50933022291757
18.00971632924329
18.36371609062661
19.342480223849478
17.758830812323616
16.456134264893063
16.050737761393773
15.659685233302865
16.46309218351072
17.542453734859993
17.97956764563908
19.501417188706156
20.267899307873215
17.343890825898487
16.480339129149048
14.683779280085306
15.743558474519327
16.6625611636702
17.44376102303015
17.345044284586535
13.63420745005458
13.4209709951703
36.58226152653801
29.788916304018795
31.484745751983986
33.733261188250836
33.72563753979484
33.35766404342619
31.037429008692353
34.45619983928357
43.382223880278445
36.39133165315793
35.246354257332534
38.32069441711515
31.781952489582384
29.89552913606594
28.244116785768593
23.12394574687791
22.20309646966607
26.21744861029326
19.09146990134627
17.10576762750834
17.248132919653102
16.262981317366467
15.504488895014974
16.63713277855484
18.69138482712058
20.3624350033631
21.475009472075318
23.022165646677156
23.509696462718708
22.50743595801055
20.526432703131025
19.5076449821982
18.533909716963546
19.602756075182256
18.880117795005617
17.32567024056939
15.866122628569874
17.85189712900245
18.349435825881454
18.08532544810542
16.568770398834307
20.02947249904061
17.208385215538836
17.057180835153005
18.756473226041418
21.519661775643442
19.0420738962115
26.111561687990097
29.26598883051643
26.356028771457126
22.043679029678025
16.65507358708209
15.926308621512264
13.577418317935736
11.745107958212836
11.074916283230625
12.802388745449308
14.052331137474406
14.823927513588576
15.780200953949342
15.05734987208586
16.538579128448983
19.108739406385293
22.276007409571246
22.54720209195095
22.757890331139247
20.568383262477834
20.35868359909055
18.546292627478238
19.08561148964952
18.246047011635795
17.237642636145864
17.781024653632226
16.191518662064887
16.353273369978876
17.092081332705046
19.779421632166056
21.022149765156968
22.171077998104376
19.558283346782574
18.655392941775858
17.028652999709404
16.532599747381713
16.680852319385014
17.184067563208593
18.233104481391937
19.362864123817296
18.439611480942702
16.964869977912457
15.306911717900451
42.70231932041723
35.87348092963293
32.27578362197926
33.7545159315525
33.61795034896516
36.81178014083135
37.683787783664286
36.60725186288762
32.617632581360276
28.432512279089305
32.1188197178256
29.1002972736088
26.888823816118027
25.05928035009578
22.836011016775114
26.411022627544842
28.351402973652313
27.83073204217718
29.728745336208416
20.019867183031174
17.380886861775384
17.996989221873115
18.517310757687863
21.282066431643916
21.83874410715411
20.64704456849051
21.38699992677866
21.848398864088406
21.618684661774747
23.957944206154714
24.720226441146025
24.96603891625376
23.298867178804397
20.057397459713425
19.718552419354676
20.2872398305031
13.98401422965063
17.30282158590389
17.019849948841067
17.91566813079327
17.348403345421136
18.58403221826672
20.238191770428028
21.514016076866245
20.81432405932053
21.75650815322244
21.470685361737782
23.781014058279023
18.925417383900452
22.58138439083278
25.720729314222748
22.037480003812945
18.00336720069395
17.786708739257186
15.950020946384955
13.668374947433508
12.733434046347387
13.966592388217457
14.897184337867976
15.630313559334063
15.08907067753869
15.813882898196526
17.549272457923923
21.26082382489483
23.660940802033792
23.70646613993611
24.809086501379955
22.756719054269855
22.858490845438244
22.048716595611655
19.981296851631896
18.847430090504165
19.095172112572904
19.55414941052811
18.550718880834758
19.065502202654667
20.273333641725632
18.129862542704313
22.93608825803864
21.48214526710883
20.66256489954729
19.753962052755092
15.067182869857564
14.692544492285977
16.076987912691227
15.842175569171038
18.126397484116367
15.989910919876182
37.84872476757302
33.23634583353425
31.85993697944936
28.101974787131226
26.36425706781163
32.09132019381684
30.390843615889487
33.57355397517889
34.28192455301121
29.107062858367506
30.587554591336254
25.17541966248333
24.04483510610815
24.819182669254875
25.04015296936575
21.87660814572041
26.779512155742147
31.63849004643356
31.99904400806989
26.934690277035223
28.213599653375613
26.772032776332114
25.18841294544175
25.849820257942227
25.71946434229726
23.105242629835942
19.84392243933671
17.76681912487612
20.020290265390297
18.12504284000664
17.522311873765226
18.42032348886078
20.020747617013782
18.70766953567712
18.543134430810422
17.957123991146297
18.397138074146298
19.99313707316854
20.852545997486864
20.90554338341269
21.62125427913804
21.68099707711741
25.30166246703848
26.063053427681655
25.194569361918916
23.628049268797096
20.7744253998438
19.402062023477736
18.386093429707742
23.695970735328324
22.676089883959833
17.7735439246984
16.274553132242595
19.136819764712378
22.578783078101125
24.01799081305944
24.17750808874279
22.19488092894857
20.892895126409847
20.76096938464813
22.523422624443736
20.4570182753543
19.694271556721883
20.21420323067983
19.628259537409882
18.89171297253433
17.632419875455074
16.58866037673173
15.690981422516666
17.896475122543045
18.621128794136492
17.874572881533656
17.221175926100774
18.953961295534327
21.902476783200626
22.66750836117972
22.23838928615805
21.348196025150614
23.330013227426218
25.863063833926738
24.55584711562511
23.85702612024071
20.633426589442813
18.207246957684326
17.380910666270672
18.908026976074716
19.735566121509176
22.170772603741682
18.99717079236394
16.408209960667268
21.385780209582133
22.7364235197147
20.99384108636598
18.818814109810656
16.446858646469593
13.862149745244972
13.031628199532458
14.56942534048966
17.473390079399067
16.888526199222618
16.648640747929974
16.095626750313123
15.007377804199917
16.93613714252987
39.02925204263351
30.347271057386926
28.425417248613332
28.72431423573697
26.964107266528647
29.093733065145614
30.12813857127049
32.003726853742755
30.97212380268371
30.549406887240206
30.002803091025317
29.13306102544045
27.14213488853252
27.35580639360554
27.653317023428404
23.93585582402871
27.419179811635566
31.105014370107337
32.55435621750023
29.40441627824568
31.003510469021442
24.613520614045033
26.828589891193428
26.722010021972117
26.180308056391933
25.724661533128057
23.05599439465037
22.32730392491722
24.44678149852397
23.42818945256837
22.955505706184496
24.05077660316957
21.16305710040055
20.41683571327106
17.82471891763255
17.575469872839648
18.844275663462582
20.48618061574216
20.247089595643306
21.827248190377805
23.812246644714406
24.551733162109663
22.699585078515327
26.0462626332778
23.21257963063389
21.607899311604243
19.508567102178173
22.088799332969437
21.718695308284968
18.493945672310343
19.709249776074735
24.840467972589657
23.18441878345946
23.271179600417604
19.44831674448273
20.653655092235333
14.284803842477267
14.94287813464379
14.690623945645186
13.718431550943562
16.35020954790067
15.74321957888305
17.73531490081995
17.95987996475718
18.267341290156327
18.429283564009815
18.82030413805856
20.487336976291058
23.382095512516344
23.342251291671023
24.33988675481658
23.0192435329735
21.31264316947214
21.456211434634895
23.959305185548647
23.737138628828163
25.948992965695613
24.025004901292448
19.872137223445865
19.036901096974265
18.82081215381893
23.635392574131608
24.667640892223655
20.357396425915468
20.346550500013354
19.055005132589418
19.174247688427556
18.132990221353737
16.31113362513635
16.795803245608177
14.63003041637432
10.732572180805947
12.858874227783138
15.539489331886342
16.63784126375238
16.65297451553724
14.743353686431119
14.193509321559526
16.32502697268317
39.828610050238616
30.79792629209474
30.47005020916982
27.521207650889057
27.793683850098365
27.568004070141747
29.45223094031647
35.345678073347365
32.455463977125454
32.55077490775088
33.35078815234633
31.65521462672881
28.16354372651929
29.793741588941863
26.26964927088053
26.722497130122143
30.158986273871673
27.90572159112189
27.839501771264686
27.723535268434322
26.355576076427724
26.091335622161857
25.923557722944516
25.105220037398606
26.42786087068452
26.599640601323326
24.557521224355266
24.826490211729073
22.686144697323787
25.04163365091214
25.81702127150829
24.91244254152788
27.097887369834375
22.172379831905364
20.013356753025242
21.144480105343956
22.121598796178315
20.58611561045064
23.674784922380326
25.215992384666407
23.413574176402854
23.119614174113607
24.4371178451292
24.88852251643128
22.248205207685256
21.946677007077202
21.441572396031983
18.93882491812826
19.356394245885152
18.777429084611324
23.798058405329563
24.415287604489652
24.911023505774995
19.12362051922404
20.165541267707695
19.867419861669106
19.029816228615584
16.507208409756423
18.21455059425979
17.993782710380756
18.5188006272532
15.247584954782534
16.875189219434873
21.042096550740702
18.85985508998177
17.77506013214756
18.62211521756515
18.363287174655532
20.157851292067278
21.192310154611345
20.75823198002484
23.01920526905552
24.30153823070542
23.656059904879044
22.1095285277375
21.96924309091391
20.820850349414258
20.509352843232968
24.782744673247617
24.943266713072223
22.904504781594973
22.625709695029162
19.179933756941356
17.313198819056606
17.725126945087563
19.466555110773566
21.23803781755253
21.14008353805218
20.427423818178934
19.66858247317838
20.849644978855782
19.98612487215153
18.861171175098576
18.763527787443728
17.58725701663136
14.615876045670172
14.100638427397381
14.814297293698845
15.079377530769893
15.145871108960103
15.502035653424018
16.88970387359229
17.526538530361922
15.978108737869183
14.473373202436978
18.861544598557263
18.777749966782622
18.049200749761802
17.696890603453046
40.28412297191685
34.25915666037794
29.378289144355477
29.303785570573243
27.780644153475986
26.32731023684933
30.49074470092871
31.137003420516162
30.848065761807703
31.295574549200545
32.14610885304203
32.41309616200561
30.984246495046612
27.83824715646548
26.250360252823217
26.11754526015256
27.062686708905883
30.94939891829397
26.806213739808815
25.30729078924989
22.847608839910173
24.57238095915789
26.643018845551445
28.930532976465823
31.60069657727018
25.607463013595957
23.77196343591578
26.19933337952194
23.76420678589062
23.342060379266652
25.42510186374769
23.522992929977985
24.89667786279233
27.97559135948531
23.20396951477787
23.655664636671602
22.923991595764022
26.472004786535773
25.849863083852856
26.758049661830547
25.395894032489426
26.391357954635982
27.907414924947542
28.14102125556646
28.97755194402854
26.479666154787502
28.10120966164782
26.57145843526017
24.76150499563362
22.687544270942723
19.881395876503824
20.38837892154576
19.016181200202805
19.001071622699143
21.02251984130993
20.894293772504803
25.05224648105656
23.49020270455435
25.60337361163426
23.860120317833914
24.977062731555435
18.020190652883024
18.992406300708844
17.347823648763473
15.585231033370993
14.665280102931867
15.141770577820322
18.200878598404092
16.17484175667728
15.974822677238054
20.388044413354233
18.633129030607044
14.442393712986448
14.294072417272249
19.75421230191418
18.624247104556574
19.671645934390867
22.055693624135994
19.88628267674476
20.534119958549763
22.06683981598008
20.963395053455034
23.18408254705798
22.701524321849842
21.707997386240447
21.956018211246548
21.572647367294277
20.72004679955826
22.177504784937952
20.513791653239608
19.97040284287056
17.994981706724747
19.797129337851235
20.75683237887395
21.164964873807545
24.37854146505652
22.597566088228124
21.777789616927276
20.107061866143678
21.367368950323943
21.198938460020138
18.740850777228857
16.550701230006315
15.283959689826304
13.191886831359607
14.608390738154608
14.497863646945833
15.468303753614713
15.063193608529593
14.70932190251079
12.995460158344587
13.934661967336357
16.10342176598955
13.763221285879828
14.34522395275248
16.95571299096
18.042321510822344
18.405402403533216
37.07796906115931
35.70433721553672
34.88766044498503
30.69700448521721
28.611664118615263
27.404136540501835
28.710260093992
28.01536821194876
27.176947708466816
29.890287258021793
29.832129363650267
28.98276331846129
28.24639707144455
26.890726732118647
25.707360032007042
27.790462778564308
29.05551742609613
29.34955092961504
28.165908972278647
28.866414312544002
26.06080936901775
28.721992917214944
27.779812779086342
27.509574967016427
27.97560550865719
21.991124631058167
22.263977292130217
24.48143263607031
21.929621998811978
21.94636661971837
26.23242576094531
21.066555072850846
21.161541044162018
24.303428076061255
27.56463128444487
25.336774922747576
27.475234450167363
29.44666482104091
26.07687762694578
27.111346428651423
26.705100933986007
25.613333912925125
28.47230440640029
28.615490450520703
29.942478776471265
27.954144811120326
27.45850571884885
28.208136187382323
27.07730092988625
26.84544221109933
25.746778759355884
22.186880265021994
22.031382162517673
22.18408358074271
20.580700264592068
18.797593591010802
24.686114768054086
23.96791217816429
23.574700577297754
23.515289234914626
18.695549406187762
17.428209732359782
17.3490725610237
16.25205048859034
15.406944546761897
16.238966125974443
17.29199952051142
17.975911301355396
19.596716460112617
19.832010350630476
19.756789696545745
19.29333861073631
19.04799589437216
17.73026714453112
16.517866012785472
17.112348735817488
17.86963816615081
18.716816806407227
21.198990051882863
21.128052932261337
22.789868710163308
22.50626424443563
21.903850576948038
20.30649253280082
20.64109635029591
20.191890860993144
20.389900383607074
20.588096654440207
21.01574381796283
20.71018722809811
21.824414679041567
21.77815630020577
22.601117570928025
22.35161836179806
20.451776556642976
18.243426835058724
22.04164235510335
21.91430877686236
21.38939899258271
17.698433462423843
14.070778477597113
15.427839402750287
15.00257081272402
14.637246264927555
14.316684084560507
14.674692155753487
15.750415025692371
15.089788518237585
15.559603842032267
14.772765728750976
15.860996040814346
11.989574887536914
18.454082996049415
18.60737288236349
17.38488390306854
35.308672309432175
36.565649184154616
33.953238945984346
32.09553082503554
28.708797408725065
30.56155008535191
28.172830565594513
27.007775865351185
27.053082838010237
27.69265455702033
27.76818517115729
29.21481895749979
27.942264974302876
26.523769979619516
25.31837836527213
26.147121412705427
26.466498292172496
27.54072355924285
28.15269923903082
26.792663759182915
29.933685230589354
26.705155691391273
25.178191497170715
26.825810554779995
20.584079999325798
20.381088027809156
19.94657349996661
20.73869594071679
23.745828701088694
25.630964602085477
23.11706355885702
23.71915237259083
20.704852727173176
20.628023055173305
21.72521052755256
27.899610423785948
26.269300267653026
22.6885003225709
23.565156418644104
28.419479524259472
28.952358316711173
28.800022564919527
30.444127738623553
29.146701189889143
30.9589460675816
27.580498319773973
28.068653837161666
26.901957081873906
24.770890779066224
25.25752917088249
24.98421320537263
27.46199061126302
30.33534405760812
21.464547245927868
28.158816932840896
25.982708352404902
24.44091175002331
24.265146145751494
23.563890535854902
23.64784337045547
21.783137369891435
22.11409644845762
22.55540526671855
21.542513663895626
23.981726100519904
25.84952916753886
20.56328214590967
20.807620029271472
17.330802764708462
20.387171811632218
18.31490767848875
16.573093006511908
20.002880822686766
24.937949053139842
19.01857648844944
19.038436578163143
15.162094466214311
18.612769367310687
20.41889485976473
18.519689418098412
21.48515917435521
24.14706576574825
25.49077412347474
21.05298752236489
20.827618175928745
21.866456542606784
20.917671400173152
18.619756060285912
18.995595744631217
21.40257936218081
23.790997368465245
22.570186863935945
21.850196619320922
22.074818307362918
22.298113250962544
22.20251131318524
20.948424064795084
17.072352489304556
15.362559658969577
14.976950895998215
14.331583583089756
17.189751472282033
13.893286853783032
16.386392156709523
16.424414912542485
16.609684499655053
15.652342444537949
14.607279361348464
12.974213434855114
14.277281963181084
15.656727589049103
14.970007897182215
20.416142421195776
16.748263678512064
36.441334183377
37.459423251575345
45.19501622483183
40.10317161242065
38.316815696502594
37.91341436300142
34.457917970891316
31.577767123440445
28.223977228158763
21.92648264301662
22.246218704760807
25.82474804473292
26.64070838988398
26.47000249406956
27.89866841647658
27.73538915053241
25.779610757332676
26.7804132708449
25.66099707045994
25.697649280041215
26.42821986710295
27.382456082131498
27.513684889550877
27.12362772506164
27.454514821374392
30.45792796198379
21.87241178625533
21.10278085660601
20.756228007921507
20.47860526828781
21.770900230747927
21.624681831706937
23.991979888967585
22.27487476563442
22.710394226540718
23.8421674457025
24.280802436095286
24.010888949326997
21.86784705228549
20.96055825592223
21.67386609321914
23.05278184507912
26.046045750775686
27.334775332019404
30.35545917370101
28.182960458002235
29.197588156908004
28.172147571302922
26.48232347295488
27.2307462640954
24.25989894351331
28.826003488509482
27.029142265519493
25.633941784489316
23.38236519725885
24.66116575820258
25.73364305575434
26.403316934886956
28.171934149871973
28.864104956550687
24.612637516851915
26.494126207996345
24.255482398394832
23.11994288813266
22.079829321393515
19.066462863731978
20.896543308857417
19.959666338021066
20.84305590176675
22.333831569709798
23.575446122628293
18.005854247651794
17.3768212782664
17.834453459357004
15.4722663603657
15.347729026336582
18.483154165535385
19.8922037345195
19.624110596847963
18.835361260866772
18.611546680634895
19.696075549994422
16.196928625211957
18.152333531113133
23.49873190629299
26.36007696154614
22.905465022711542
21.697542986606198
24.98267810465557
20.056249991234186
22.220858680191764
23.211492788825492
23.09535594747132
23.83884356834933
25.34779351500803
21.515326730610795
20.61364356542265
22.692429984379448
22.313879329328227
22.098740776769798
21.507897403277095
22.01507579321245
20.772009065370828
16.77238724866786
15.741635313697504
13.908076126674205
11.570401224508966
11.694254949729963
12.323081175568957
12.249713984056012
17.036262473675936
13.147585061754036
38.3464333586268
37.92310789430611
35.738929070225545
43.5183254848964
43.05726503166855
36.68089453687127
37.90109295297286
39.55117166390361
37.13378611795056
37.31699122857587
33.905942759012355
30.234763210447017
30.977143665418257
29.434268583329526
24.96529505991809
24.881618232766527
24.174590359910603
27.280173527885733
30.222770870863716
29.928966808333087
26.24158748178561
26.211847326195624
22.584967879021086
24.729887980334556
27.189249881095506
26.697361470784763
26.388294999858662
24.80515048950262
23.99216101017253
23.460014736316477
23.237618874738164
22.672894115277572
24.04992275757004
21.965261857986576
22.07925989243336
21.491357920336615
21.879401527069554
23.34238041284405
22.912333640251678
21.290578001179874
20.41484478633758
20.336994423247276
24.137054942673448
24.72920602781024
26.591336985400773
24.16784531312299
24.522732684650315
22.396658563693777
21.219590777293956
20.744227734078876
23.665855282014782
28.371476808391122
30.2910787241859
28.005693446755856
28.272893417929307
28.886949121827843
27.54019466301979
26.89762022676364
26.830499937515242
28.036572055739665
28.946513798771043
29.627503044921447
26.993027662772054
23.908135135652945
23.90723054849355
24.41127538602218
25.631340420446115
24.737023578994904
22.963285357556607
23.51042495573671
14.63580849266094
16.986407766574114
17.898298180410873
15.598702015895116
19.956162584090993
20.510295728152766
19.495659435935156
14.550285287819678
13.521669032364855
14.74099017572547
15.75690695787273
20.58890707942687
20.08429541601854
20.384966724490074
19.77327624420307
15.897200422411476
19.41265337514254
23.90224256475118
24.456181870550076
24.838367091676684
23.606863018333623
21.01187335984292
20.771991299945
22.647795939354264
20.39104400978744
20.980354256729502
22.900518479179308
24.399803050242298
19.97586966125935
25.32225241469938
20.017462127787546
20.241298303847614
25.89352324928839
22.48806191853707
22.563460510051183
21.708857858258114
21.660262116893243
9.05964592290851
38.23878433834256
37.45219742274433
34.97178560677953
43.57041170274936
37.202073384573815
35.63752825212932
36.22924335472462
38.26325345098528
38.960169183929715
41.05388050740767
36.786200921777805
33.29109869819935
34.858870995924015
33.55072743095736
27.34405096192485
24.0566948222964
24.844368229419928
29.695034574184643
30.236434394917545
30.388809341796737
27.589089805186077
24.409753472357043
25.203500170759064
21.649177819315515
22.191525847205426
24.113878557475655
27.289644471959807
25.644307613074034
24.828278738869273
24.439905756818803
22.07320176989718
22.18396683284099
22.342757867651386
23.666859615437147
22.726346352512984
20.805744011207175
19.85852728138308
23.43522671348233
23.560856140643743
21.936337928874845
25.337204454774493
28.837049139040683
32.89855061481052
30.294095248969356
32.07164141604101
30.319443161837828
25.793984614159942
25.452958183014022
23.991715485060094
29.536570549405877
29.52610831965852
28.509887964747605
29.967521511886584
22.128198720533224
22.000737602784596
26.959431493278135
29.946595677363984
30.691501767555764
28.85459483465249
26.554389490408976
26.820193709408848
31.50491285979134
29.561944704063823
26.803489603430474
25.969573783432864
25.452465949394448
26.10373760729815
25.433057578018154
21.759645278814155
20.007789793382386
14.729817500850013
15.100524129758385
11.132373366241811
16.338245397925206
17.357051170753348
17.94482564854695
17.15364536751729
16.587187035061284
18.597232183571524
22.555547346820294
19.07074065234398
21.02491021956535
24.8391889192915
20.959486188583544
16.847509959863984
15.07533622986083
18.357677145522967
21.63435918490129
23.98854969506541
21.17303517197199
22.730816152431977
23.67986888571682
16.790895896129967
23.24802920285711
22.88674466086028
22.996856139835874
20.023159435955908
18.547324093834604
9.130699161108861
9.149677323592853
43.14025402967866
38.70377933353682
36.81564458178863
39.5385343671166
39.060205618933786
38.442645972304206
40.7706629048642
38.22341273304316
36.809838883064316
34.014394968008205
35.184497904323784
33.463474757689426
31.423967016120756
30.929846538408437
31.65908605125959
31.29850512623535
29.963845893248298
29.919465323619544
30.296556920261676
24.786395096424023
22.338099345658218
22.47000984526893
24.30559487634487
28.40689028399652
25.84906018697274
26.715735320977387
22.5091760433122
21.76336935743504
22.873953940594475
25.761849822311028
25.07287906982813
25.239121704588992
23.585958653035313
24.103716786173347
26.004166615672737
25.059598774834516
27.175928486985097
27.675878542442312
28.28105886412244
27.916546344975302
36.53552947974558
34.61616627423459
30.147673564169686
24.89322258061456
29.003864135896862
27.626480965082724
31.505901643235102
30.96424681192675
29.72594049022266
28.415098353479937
28.467780499364864
31.3761293110867
30.223297631292546
29.300462916428373
32.132214253634295
29.78447590201652
28.505489461889038
29.439590404786536
30.33592737649632
28.360136128458507
28.089536366695707
26.858200170429548
24.78094986755985
28.09142605335348
24.164393273343055
17.987497629495667
14.92677666646038
23.969490331365673
21.279871733661953
19.80004152782822
14.379909874107906
15.209132173757016
14.79200192293231
18.132090998355494
16.614166904721532
18.052221519573507
17.01122489301872
18.65144543969642
18.313524891945463
22.078943754709314
16.660606490089158
21.588964730391996
23.349363805767606
27.642808787057408
25.097661756528872
26.754289980867554
23.508179459853693
22.85392160031367
21.20797124841975
24.485060160818623
20.418282324340787
23.623335266208628
10.817748869003927
10.36644459492654
43.42719159970675
37.30998937038102
36.6640422786797
37.44745889898203
37.3020193685734
36.26910241276649
36.37071353243275
38.53771432502148
35.90445460016409
34.93486941208496
35.97256149302101
31.018010230447562
29.1726938287669
26.066959627652942
25.61365726081136
24.091933558050567
25.135464843947588
23.07181980549828
22.609968960255337
23.900228996894967
25.732780067123937
25.984118669465502
24.161544469057695
24.23640614038919
28.28811913063078
25.845528157968467
25.38711952668856
25.759943622433173
25.83232243562836
26.407354925486835
26.930223660093045
26.15760286761999
28.038195478257716
27.361225145171048
28.915821296062564
30.201832542146217
33.686470118091535
30.98941657526948
29.139458769107495
30.935183947975617
25.766201018597386
29.75537859429868
33.3568134277587
31.972261962527625
29.293819016630824
29.78549891276292
29.121322025069794
31.02634507593057
30.484465353068398
31.41668821296478
34.79134716610503
30.86844976857284
30.505721738915234
28.264831519307897
26.12924284578566
25.971906256086825
29.96288754346895
26.478064927451424
28.870603882203905
27.314556434117307
23.394212761208514
17.739700195475738
24.214139460845814
27.86909998816171
24.803315360445833
17.72828655978603
14.600683551171297
14.01682717564137
14.673641298036147
18.094264413479813
17.753628904657976
16.916269471512376
18.05834520202288
18.25484687824019
15.67541057777703
18.693927316510827
21.98311826228851
16.172354483701053
22.090967679121455
27.751148555571774
25.336877667723694
22.85432174813308
23.604597553484055
22.202494566120137
26.887688524098838
26.44875411165374
25.28387872048195
20.998876832717666
43.41118802679473
41.16784314283499
37.477633661273806
37.076279881968404
35.94841910405037
37.27744672293117
36.846313373231
39.41730486674573
38.700804945550566
36.44123259718391
35.45475850911737
35.944284368910566
33.32550153240736
27.972558647127908
27.378205312360095
25.615436489176194
27.086829527223752
24.627809567933546
22.278197941397316
22.7559632187264
22.60132065836863
23.003620526295997
22.113050664519758
25.843979227128354
31.621711707565115
23.76302724351918
24.8232205530103
22.403936357034922
22.20562190864197
22.919119693947035
25.96862016766521
27.460009598973308
26.903887755877808
29.293747121890263
24.719772712277546
25.67074603819017
27.311771180919955
32.854801427321696
31.85564767051256
33.37293916409744
31.87654140564032
31.21895935604808
33.373408647743155
34.68513288464306
38.14877865389819
39.70770182438077
37.013143682287115
34.94932994454423
31.576864920435995
30.657505673742076
30.649240719613136
31.7750255040359
29.626489116327352
27.140966965866568
23.569755543677598
23.093848259025048
17.01083763772725
15.182428757673911
34.17511895897291
25.523564955431493
20.4017249903774
17.203578304734805
16.528847353754454
18.120219986113064
18.819500303427596
19.64424119005967
21.82151872115021
20.6431998070608
18.034011721031263
20.674974020790568
17.715991127201814
19.996214437948282
19.0123488201706
20.084642843075702
23.27085412712924
22.97027619668129
22.919747514359287
20.996671798893193
24.12792091887121
26.030928325604794
24.57809910683734
22.471474716649166
27.673835668447733
23.739754509990682
46.35129074292696
46.05503847881684
43.24508410547462
37.567041190099786
38.001820472336455
36.95970312302792
38.245496512618274
39.935852017457634
39.238001906891874
38.83971499730334
36.917576712839264
36.90540383869081
35.673512904789796
33.3802539764065
29.810281660505446
28.332377521457207
27.89898757066724
26.714627774962455
26.189192313719055
22.50028972281991
21.89481563085148
21.34499845553435
21.78562493613032
21.374093329699825
21.518008574513907
26.61972574960271
26.44281278269766
24.57978756259759
23.313041885967017
22.44298134514688
25.491400582200118
26.033887113111817
27.19180451347365
25.811614363108724
29.708755009567046
26.884018043372183
26.47376990964136
26.72628840625261
30.06983366185027
29.627867542865985
28.06905289334721
28.54699565445292
32.829547080926375
28.6708946807578
30.254943443834854
34.681307576299446
32.407324307779824
35.73729085338036
36.347793083125566
33.92164220273191
33.23041838698344
26.509702599784973
31.325589765391204
29.952882260693563
29.495738011189818
22.61684828387772
20.66769687787895
20.020818619000146
35.528759772607565
27.053660337005073
18.554076107347534
17.66862783233156
17.768354973994335
20.1609102779368
20.138900866459537
22.891301825008505
21.30757040260879
19.031287538907282
20.131136623563513
17.79876703746209
17.040420455098644
15.677567768373505
19.194240242516464
20.688397721882154
21.602255830212325
20.92771181342249
38.94753395686783
38.403220158390326
40.2641630952606
42.69327853931241
44.698882481051406
43.31269703006461
40.82004577183313
39.31778062233875
39.59585898338145
40.72403456200583
37.67248877435942
37.743188057222845
36.37375284482506
36.76290411098645
35.45335537575174
34.63674582037759
33.68066841373314
32.30224826297899
34.087467177620674
31.602803845214893
33.04527485358762
32.090763927871116
33.16624679914471
28.3371696992035
27.511681173678614
28.848238194957393
25.479605787559432
22.58652948283022
24.202013744328617
23.272504135727473
21.948236410749427
23.12667113271188
24.421898221984122
25.681189977957875
26.84006773368582
27.6742869456441
28.91781507219076
29.063577801663453
27.37607880209323
29.646008983398403
29.296947517686
29.455302264721052
29.49700332803432
30.837058990951448
32.99933462550865
27.425804058247
26.910469989456843
30.226800327190382
26.46257405154589
28.484137420944382
28.191072077140003
27.019897026467554
33.015602753892196
30.402722235254288
33.51000651851975
32.436868815948095
27.541887476316194
27.39341299267897
26.65684265725929
28.666778598257697
26.771778457354525
26.87174431626797
24.43160279390721
23.176869115600223
27.188544044562747
25.44493908592946
21.42182089838801
20.47592608925431
18.654655002260544
21.367877049615835
19.04376945241807
20.665201054540912
18.77187742714825
22.83502471095522
22.319458772602385
19.808792544449247
15.720515218638557
19.26196512186044
15.901013185061341
16.07768336637888
22.084746799323636
40.88618748922951
41.158850942034206
45.05345671263979
43.152194573098875
40.37848621855798
42.07776059359761
44.54723448356001
43.90797339615367
37.898047870184
38.24255861934508
38.518463569524016
38.37893738200093
35.70890285118208
31.546623391281887
31.639989836581282
32.76069919546572
32.686817224025674
32.94238531471434
32.04260277578593
33.590587945158596
33.59959269342232
34.66659405178344
33.361919327154844
33.32420863889757
30.401387594305856
30.359604935322736
28.884959961974438
28.296062605796916
27.96748182991957
23.808891096448214
24.535141673212504
24.994637392458017
24.894698809141723
27.295759271433184
30.08432626752475
31.524656032995463
31.60543257561186
28.918396844461547
26.866765282144993
28.051011596492334
28.204831706956888
28.79458949664663
32.22368544409119
34.7225581152123
33.773213360091745
34.33653827418105
32.228876076376096
32.68752610480068
30.46904202956425
31.64193903455326
30.820712180508576
26.055637345794782
24.239231785413555
21.09687151143114
24.606709656587686
28.41650870855511
28.413481629833438
23.95733443829249
23.456358328325578
22.791344599516822
25.03067303275766
27.93720618926089
32.4087692206712
30.143161633859684
26.539084201787002
25.75482203020979
25.4482089562811
17.32286674062424
21.18107216998183
24.44841204118409
19.62488624536265
18.895786422523543
17.308572441234983
19.44418542391264
22.493748657762612
25.769401501876594
23.610414225287442
17.07877547020289
16.409326721894868
18.32022296169802
19.063096107206842
20.90436136704712
20.971250353834712
21.683585350810922
23.613058137236088
21.127586580572718
42.589675060780614
42.474013503841846
42.3449488914351
42.26334263252571
43.23898735378786
43.788207442094276
41.85430286668184
41.59311453514697
41.38350734445689
36.24796498141445
29.410565017852775
31.075365132056163
33.00453299464656
32.92448060664591
33.22759634536514
33.07472255716196
33.19882363078116
32.78630268741286
33.44745308477333
33.331769380733206
32.35635016112676
31.730661838625867
30.32221082830955
31.443885798550934
30.911519484843662
29.58484319327288
27.958280349625703
25.839231739026268
27.155803954711214
28.129198173681804
30.514690211210752
31.068113898551182
30.634524005227593
30.91846750028657
31.71223874485447
28.725418125918395
26.57120724022601
26.364614219496154
28.37160040805403
30.837267359624093
31.40623596962469
33.68649449084392
35.42873304513641
31.460528546013524
30.014084453305443
29.605917263271994
29.075919157441334
29.454585510965018
30.53707575372062
30.29082868445926
31.361989874195167
26.801394600229465
23.81859454805907
22.929945851484337
20.87300205453166
23.282537270676656
29.55810356243036
31.190527887470353
31.56032353254478
30.543582427908344
28.42444873032468
19.5981595596357
27.366669941255847
19.730804230289678
19.34133017431638
15.444685391624907
19.434327285214735
16.052772524112633
21.639358266475252
22.49852006013568
24.528854599556837
20.031899007816687
21.501022543374688
22.776639260570413
23.609058836884408
26.166169800200333
32.91103931453746
30.07613346475295
29.5297872331262
22.92783693007109
21.33538206218164
22.397581447569042
40.792707975691805
40.6063963623124
39.956892985029114
41.07051551105559
40.446772972824014
41.926113879623514
44.477909794773424
43.620839362995035
41.25020187817453
40.879388607309
32.55571038772738
28.159427626552514
29.966602196313623
32.44030174716986
32.04648263317381
34.76204204555143
34.703826481181316
34.01652769756523
32.25109812654337
32.4752996436086
32.198960067106576
31.883491103490698
31.067968251824293
31.430242986867793
32.92790368294502
31.506607162638133
31.464623209227714
27.473770690360762
26.788267678773963
29.629014488010334
30.986119786297735
30.72311315085984
33.315303046811735
31.889506905968656
31.80463757794685
30.179060222961706
28.355780234720772
27.3419125003188
26.692135758430013
29.3131123290411
33.32084442128608
36.147187708786255
38.30605077624739
37.37668330927788
30.86838658850112
27.185588781682803
32.309917814826164
31.988263937653905
30.355572307048373
24.72306333056436
21.783378737024222
20.83680456347655
24.053924507665663
26.128684145587663
28.36916654881257
29.619638571653287
32.8321211833961
33.603407511896975
30.959593610377475
20.88398521270235
22.32611081240733
28.23443100657993
18.508701012576044
16.119285874955423
13.239565336810317
17.94716489674798
16.885829703764294
15.897340195860847
14.118052275634417
18.86009233029343
24.218859211416852
26.833616841189873
27.579852665041184
24.11433014805123
27.00809700667628
27.192576362733448
28.535758510270465
32.53436980847154
34.11936903943454
30.796132940560565
27.712455893894756
26.213939953371327
28.279875725988965
24.70115678538353
19.96497377780296
39.300093181766876
37.61426426067374
37.81107366314978
41.66075287797035
41.1158685744455
41.32062843146845
41.56679399251386
42.91820210614825
41.41265833182582
38.90362343822904
33.95421588300882
33.5749054449458
32.34097966562139
32.014529628259346
31.950528306196794
35.606187976866764
34.857222549139756
34.37674641842907
34.303562098257096
33.12350640317601
34.41893874134522
31.89905463141543
31.429359997261
33.964395105889395
33.48344499282271
33.63711869440039
31.108326182472926
28.849366936041935
32.0612052109144
31.005742189116027
30.58741866549484
30.209068885695938
32.95496449887233
31.157484051588742
28.74432553947307
28.008471650968605
29.177944440967323
29.941346415521714
27.556859635490593
31.66528395256558
38.48884729703187
34.53696378792586
33.73559903502851
36.39561539638979
33.28694276566789
30.739796741622037
30.01573914878943
28.907392314432016
30.091971496092963
29.02557899676946
28.493835199816964
30.380274381301778
34.58669508817175
35.94433722547684
32.007195637604134
25.773514913310866
19.15169566504794
19.4089632662805
17.709227890804367
17.638253903323
19.741520971465874
24.552786138453428
28.82067539511982
30.464208624554274
31.23208423138562
26.331013175328287
28.751398485748897
30.201313654148453
32.768740735761085
30.835817920910976
31.485436987296374
31.416588557225495
27.301200466107964
23.991354286859934
21.77399475179897
39.30726938266461
39.39603970970613
41.62475243902317
44.45629388817431
43.37755199504393
42.54814838602625
41.90749732673604
40.90252808045056
36.03034199719923
33.498889686603434
35.35050294680524
35.266886013798754
35.43625452467713
37.80272638169767
37.33799053721292
37.81869654536999
33.57498142074121
32.313714144189426
33.333239230896204
33.15627615137238
31.46876830123021
30.138578390911487
29.051437864660752
31.703622194818976
32.61175130903019
31.55243976870144
32.650184149879315
31.929956155165808
31.34456749706378
32.07041438915688
31.39063564217682
31.759591109564152
28.048041578229615
25.76093139438854
26.998964780571576
28.493683649654812
28.818138604807604
31.455709446433794
36.2899201868285
32.50042440086718
29.511483963412168
29.641113876338
32.13113631334739
31.91250599065619
38.45078834666836
35.12124570383975
34.22633549903428
31.93928162454615
31.331716865455515
34.11221676529895
28.662338934337427
16.209176346687318
16.20110820361061
17.37830214671161
16.26189864243536
14.254565563255328
26.84061354332086
32.63111399335942
30.167498413245028
31.444687657327197
32.8088812017196
29.78499564110158
31.128833183050055
31.453488996835
26.859568294548918
25.981500417957893
27.72544100647024
28.477831688755828
28.194131828296843
28.850566534696426
30.793521797466735
26.503618091883144
24.69638239279666
23.99883629156971
21.778451743788708
39.684774965859596
38.34685617085544
31.081153649906557
38.288106335870616
42.473420510445216
43.38765722069668
37.25219425946483
36.784045058461075
38.617200193516936
38.3053257677017
36.428500102515166
42.2310340661095
43.04971118309841
40.194188673399104
38.48153606129383
37.229515491275286
32.18766069719841
34.56361633320811
34.14306141679198
33.87489476907988
29.394293846721844
31.572026169120978
32.06462852716073
32.229990470241326
32.035425797070175
30.249670979835287
28.93633147607691
32.42884682050809
32.31238117903301
31.962317437427163
31.24887379524081
29.372276640817514
22.201838482310794
18.622609553767177
22.84180439329218
30.684044447443334
30.33473630022193
33.376353105396454
31.427809584872538
28.058453885203335
27.231841087646075
26.26186339149888
30.31113179410112
31.50609410007193
33.54720287582213
32.780608901600296
33.425408435569246
26.694460266287084
30.594887302014786
29.636341596765234
25.58580824108778
32.207774539837004
18.49585857513926
18.438058964877573
14.272834593344651
15.122251058358652
29.272644836923295
30.20687638239533
25.775208934303848
29.697744082886537
31.515314615467858
27.353635122271978
28.368123306013178
29.872075799034395
27.197638708266965
24.39059060425663
25.42224428753822
25.429778520915534
22.307881787459994
21.911794221485057
29.201068657571838
24.80188627060182
21.957839157297254
23.207721557625014
21.403792968493192
40.29612664958688
40.686021622941816
40.800743857332954
40.620628240093886
42.02441114588867
41.93991345100091
41.39682240055865
39.39149037210838
39.980550268297456
39.37983378937627
33.542749396717305
35.77438937121471
41.14973881263903
41.5763308061702
38.9372117124543
36.066974459179306
33.90496377205116
33.90008213945205
34.96418841870835
35.30408166481728
35.4528355411751
33.31289602484879
36.00482906328141
34.03771462876468
31.28227181960816
30.407079743512327
26.774344720137144
29.46360262053903
30.30736295240891
31.72217469193323
31.070517632970176
28.364904275376613
23.960528459219585
22.003595928269363
24.867160984095264
28.00261049068016
33.639877104916394
31.886880809850567
31.514625545576063
35.6840807267229
33.2219448682864
36.61149208401373
35.51287220935376
35.973146301484135
33.285672311365424
28.239000996421392
27.125920612308537
27.87674691213526
29.69435081714774
29.520964773647833
23.629708036452875
22.29965817379026
19.030861685073482
18.8928778405244
19.06720405998383
15.764882684030608
17.509123036646773
17.09938139778439
20.326669421310157
25.07078483169713
27.83859575731134
27.647565378489862
30.461826709574105
32.780581307293254
27.024649021510786
27.54071229400711
27.923311001056454
26.331896868812063
24.970517314867386
23.13604515782305
21.519875072496593
23.93845219346549
21.523288666153093
21.281069339294252
24.296369377676008
23.404650728936538
20.05315305017748
21.017495996136375
36.2424682433597
38.3193774777414
38.09132535720671
39.58722272702954
42.36675401065422
41.75026041302971
43.63346832551418
44.460344593380945
42.98992640302242
42.472265949100255
37.40978046691854
35.74090001968344
39.74322397632896
40.967403795690124
37.50889889003422
35.578463078399054
32.87291916970391
31.839917444007792
35.965707545937605
39.77929861229295
38.61594688241043
35.600232563240525
35.64708271009944
30.57510287155786
29.90844717099623
27.125462605030744
26.712339695692926
26.71346529515423
29.56679620201038
27.704043243746014
29.06979775070774
28.961649520487313
27.20078196720398
24.66198519060578
24.616272585281102
26.589129914156697
30.360770316615444
31.10232594684793
30.956401265898585
30.09962549369954
33.58231224718651
30.13166558897453
33.206809444096336
32.266401756064866
32.74777062227157
22.267520704405626
17.336722942577076
17.704722766460968
12.042059469662966
15.953513280560314
14.390695221161954
16.110535215553757
18.037565788593735
19.645731377964335
20.237086