21.446438937946755
18.557325724774756
22.12404545245442
21.721643012306203
20.572942114769923
18.579595360887925
14.616146302022425
22.399369677209922
21.787086410350017
19.700943072161618
19.321118709773987
23.271783317375764
22.38700884551763
21.660119572109146
19.539038548643816
19.322141182269856
19.31319080541334
17.40237314210061
24.233234519288757
20.99624912442064
25.333119229420642
22.834278181527893
21.3612495531298
15.907166274461503
21.131222053725317
21.91571655958978
22.937126075729193
26.96059465160108
27.282667965559042
23.796951120181628
17.97218888373118
16.07422695952484
21.60103147540461
13.27530003996337
22.363664744163884
23.928104668497284
20.764316462089887
23.68644307766213
26.725000363643716
21.8630303913436
20.305126625961552
14.18279635779162
23.084273251991934
14.975068498273087
14.573239523992006
15.235041462948807
21.712608926755465
20.87927596146798
19.04624338899828
24.575846179927517
25.113064812268668
14.87605009350168
14.643597978468758
23.899805782599817
21.520961508842703
19.846700189719783
24.53430945072455
14.344153280500024
14.359220158304549
23.77635812839794
17.92539224914723
18.780694813637655
19.685722563348254
13.785793127736547
19.375427977128922
15.244912088013796
14.89243634496252
15.00220467062909
17.013403256194838
17.536041759924796
16.70128777307569
16.464558877845082
16.15083079842842
16.905094216609193
17.145137741027487
35.47164190569697
35.061503022188035
16.238918993297496
17.074301667002512
17.600461045506798
14.300899824492877
16.371936587204573
36.99843202603489
36.75972235112388
33.64737247062136
34.620901451668615
18.284105716756738
20.500308247622655
21.876902344620756
38.1831216941316
36.92515459324565
36.993257916130865
40.31518951235851
23.093233598959213
23.508154605952026
23.21927941342312
24.971492894349336
35.8941264810236
36.062227110000904
35.8691780516165
40.085670423418186
24.40985561785719
24.15454032161665
24.357453735498822
25.666019674084172
30.14147454852751
29.442814689494114
34.03056531683977
42.90494849323969
35.35412048658734
36.436243324281705
38.006027538457495
38.46901669851307
26.490069858262878
26.60148262395903
25.883048608608856
32.02447266736481
32.28681397772266
31.10990506876826
30.791494472222237
30.399490886588215
29.468095115932126
33.09937475771256
32.961836591663456
26.080365080602387
32.94441410745092
32.268859145346084
31.46119657671832
33.50346931052091
34.071757094235345
33.21770050775371
31.270540139514594
31.648985640240895
32.37482273288601
32.82801963926827
30.38673355372078
28.564167681746135
28.44531066352367
25.8348661353329
28.153486053131513
29.330435508523937
27.827366835363193
29.261360539656483
33.65054262224666
33.741538351708165
32.50240577059349
31.55690986464003
31.97640253042334
31.299241515270147
32.35545853289741
31.68436981546601
31.184444059702006
29.766582270373576
28.92812568942031
28.097008810656646
27.422688917817986
28.71364791562729
30.884453512188387
32.58918634887954
33.90926076642944
33.09741747849325
32.27608137784626
32.47906116304044
34.12808909863386
34.64627427706029
33.780043929917895
31.39073158263628
29.589894525673298
28.213552380999733
28.636805505424114
29.4636574883513
29.152916147549984
28.425809040381907
28.834250130678843
28.59354086851565
29.758760292334557
37.27965034610375
30.826177297206787
33.36703473587487
34.549022468868294
34.08004452172176
34.94805950266212
31.926513382940428
31.923840721140078
33.65010152703858
34.67649119589857
33.97839151621594
30.83478971175141
29.098232933225866
28.98538026391582
30.42615304266935
27.910182031184284
28.15887759927853
30.243237619253982
30.82695773216234
34.325682612764616
33.18390236584374
30.483797374009853
31.500248208587408
29.333769449579332
39.36273336903346
40.62862253288142
36.5326046378455
33.94355110714149
35.020506318916006
32.306174932241284
29.61116899642031
27.13790132702948
34.459909705839614
34.37796291313729
38.01994481565637
35.660222893469374
29.946928999344014
31.94511963700081
34.97235822847934
36.92881863487884
38.84180281067006
38.223279600898145
36.200207096231075
34.261208104225425
37.23758847200353
32.72621204351632
32.605911527971884
32.18306759176173
31.827759920287036
33.3097070113857
31.15916401911991
30.055547527314992
33.1166082192746
32.96241127708368
30.52917437866017
29.736428982354113
30.46561153127777
31.193645688890566
35.83873794840735
35.49359632604591
31.022130453055677
28.606974550557073
28.3225098453044
39.71043380193806
36.265841433291456
35.35846850775619
36.11968927914705
29.08550018434615
27.5492805613206
27.242909454763968
29.64975350650855
31.29280583243125
31.388043699439216
33.64554806947979
35.00590725622631
36.95322765284392
39.4350457202868
37.98232779752038
38.41398878089222
38.80782002458198
38.33931808078517
36.696797424361826
40.27377660736426
38.74953142999663
35.355614876676555
34.51352105911342
32.40866595669035
26.000817150313974
28.510462073702936
31.819580288970982
33.97546664613062
36.522566968506254
36.9849255527847
35.924063210213575
34.98213067138512
36.17641659883039
32.0328806589847
32.5025234596533
32.15918986972512
31.59166335171478
30.35630873509227
27.492728984605534
29.807545369706816
33.20310146851072
30.394807469914294
37.40367124633818
37.02659790050214
31.37409942405868
21.262061188748564
28.27319064111171
31.718112566341347
27.25880521625759
33.52643348435208
34.807612931246275
31.65703451566868
29.493322265834806
29.047812000384962
25.613016001640137
39.39343461333526
35.48604727241526
34.84370903691384
37.29607266751685
36.64766546672259
30.13113076403727
28.9148451541543
27.704789962100847
30.3235365775755
31.481380214927718
30.44727253789871
32.82489232883491
33.884328786594345
38.30180709725262
39.49019025643976
38.06067370548288
37.317056426131494
36.22073529254598
36.70974747725837
36.45256505040859
38.4200959055037
39.30630140763083
40.384523122394285
37.58773500352302
36.814863108195496
33.96807067860062
35.4812744399099
36.334088380586174
34.1500824825472
37.452165435202836
32.816537473756334
32.720708118880154
36.46303056085547
39.463650704964095
39.12038140854716
33.44706048314246
33.629343490798526
33.90940037066176
33.10461605751368
32.95570987742217
32.503481615851996
32.910153777608365
33.10094952347445
35.654620915404564
36.42112028029669
37.24631622181337
32.737235987000425
29.232278387929497
30.852221999320083
28.946674701780342
30.276259569599464
32.2851803259833
29.75072417574402
29.29249596025007
25.400831038035413
24.156871293826836
22.81678789292291
24.110714694565974
30.318067469254537
43.30251245423005
40.11534591856156
39.1293632522887
37.060467747826706
32.10125532497484
30.791952856192164
29.188433265703775
30.112517056708352
29.98063285356654
28.76822335523568
29.337989559907623
32.85191493479852
35.23092745398399
37.38587303505829
36.55632141907728
37.53180994879077
36.63202085888063
36.05199000942487
36.807765615404364
37.01861388817822
36.561909881855996
38.50078744875446
38.045297575931336
38.87695240120567
37.599374618512634
37.94187247646765
37.317030713341275
35.6663699499315
36.220548346879916
34.75842301220456
35.64713001300408
39.89167121264599
42.647163202147716
40.47148535626926
38.82914283961777
36.40985182198234
35.22538046974651
36.471042263281184
37.5784592466729
35.436298459221945
34.78990133918779
33.93781796845579
34.41541241798806
35.0926718931817
30.950133519533964
35.791515991289344
34.88896863141792
34.30761309155806
30.29423561251466
28.60649268245637
25.041470508993378
25.206318120781187
26.294094780700483
25.032107439904763
26.202770674858407
25.348334189102147
39.07464834364996
39.36911349919172
39.5642184321676
38.223175982625676
38.48007546154513
30.9982401491458
31.09389350820761
30.704874288929275
29.575523201143533
32.2075828611998
33.23147528879261
32.08119138437804
32.40809671911813
31.261122994267996
34.7235363705624
34.52885686952287
36.04392522988375
35.88059170690586
35.688243741364445
35.485103172173005
36.98508775436499
37.773625116806144
39.16864271933454
38.74107946409504
40.962073656286265
39.70742084741922
40.28395624912189
40.32136263546993
42.429789939769364
44.52448681507787
44.722222511156495
45.85838702720031
44.19200615758178
44.08448146139073
43.91446639292353
41.7959808400806
39.75579340625915
38.06701570632454
37.63333299222028
38.42521442494506
37.07700072255205
36.19272075877129
34.53078551793886
33.06470738231828
33.08621749904996
34.291301831201196
33.19435386241112
32.775470399261316
32.31877051514736
31.802650962732383
27.11594787697578
25.94061756306142
26.170491895126325
26.083348047605725
26.270379265948336
25.15667320442808
25.202991563060557
26.49319471911056
28.552341576318078
36.54623213378262
37.08558383832042
37.4402912633803
38.30479609759875
39.058251264977756
38.57686340346286
38.76138720183227
38.457857371221884
36.817910672504894
37.55955999251084
35.02605846151547
32.79594734182607
32.0920143673827
31.31567532048132
30.316540762963108
31.943943622100313
31.11965043907051
29.896028753935525
29.66713587335493
32.36270633225601
33.82014449773373
35.61116199839994
34.68980389171
35.18714743515119
35.79563961901214
35.781076802677646
38.100220114824246
39.83526494607252
40.939327630782344
42.307633889968216
42.39035624842781
39.80950713423829
40.30611328946616
38.591166747723655
40.42124692788732
41.42662039993083
42.68547035706718
43.53684627306381
45.85451268654685
44.418099249019406
44.0648823437592
44.63556057692983
43.73064032280286
43.477249500501735
40.45412185656078
39.53064746374698
36.755751848307
35.7901222206764
36.198320533405706
35.43198392941983
33.77830783986432
32.341513891085384
31.35101764050635
32.27472192512148
30.71067772130803
29.907755531848164
28.01223621975269
28.29418192551374
28.839359469358865
29.0210304706799
29.63064079468584
32.78982071631144
32.58786230397165
36.72512763154837
39.23233672941197
40.75367883903447
39.52011047533843
37.40751923343231
38.36041765856782
38.482386993366234
40.24051878728348
41.8178758120683
41.520771883246304
36.47986044398175
35.86695372967932
35.47245995283396
34.22320852445622
34.94847959142383
34.85945553243969
37.24386628333801
37.02724463439817
34.02479106286966
34.246749320998624
33.864683372751465
34.191583032794384
33.155638343194255
33.0532566650752
33.474455085863156
36.376451255294704
37.45665164664309
37.21173417481089
35.74429594581103
36.56123096561674
38.10060867055797
41.07452927498289
41.20085160689797
42.5385722733217
42.46134265801992
43.14923208204629
44.03369028409192
43.45713418682297
37.613099668577135
38.6085415807733
40.07691385788858
41.08650003278958
41.6160323160941
43.68432795296048
44.13081556978585
44.792363212621595
44.12094134355724
42.796366863493205
41.49812111541946
41.500066671828684
40.45547279702124
41.048041559196086
41.372145489198076
40.02535044822444
39.752944033117366
40.35684531709365
38.527331969737844
36.2520204211678
34.84200423488477
35.15824229128761
32.97615367612177
33.370724682371446
33.517177287056086
32.093662928989914
26.7315580387256
28.273408237054397
29.996252102722046
33.482356506044084
32.77589922638473
30.985216820097314
30.928657163196426
30.874367119393636
33.95542432307436
35.23349603145965
32.68935443277759
33.97051288674185
33.79933517147719
33.69746824904326
35.713135898999916
37.21184968368597
38.58026585704292
39.13218817177518
38.23502617588537
36.18490907733276
37.096567500723005
38.47530837547809
37.187828247558734
40.13450124019465
41.148531683887
42.776313563315966
37.571056140116966
36.35596993636256
36.29732870040766
37.18220878125929
38.500047697348
38.28925624930722
38.01084345135705
37.09643955277854
35.400483677880196
34.787512653938634
33.6018007841187
34.164451578606375
33.17568424876705
34.11940389797517
33.888950391550964
34.90585967617049
38.53883924191439
38.630803007170286
39.136933131349316
38.52163141154735
40.54001594271755
41.722679959315535
42.077574257625436
43.61849499881963
43.5857749371724
43.64702557854764
42.43708043232034
43.41619481050751
41.83972724935463
38.38937529825778
37.468110185880576
37.36250830657973
39.03308395094207
42.06306552646281
43.332962252525576
42.83308354102512
41.671740680007474
41.759247870985384
40.66018720460278
40.99457101847579
41.39385396152497
40.5687560822968
42.40112610440377
42.38347473562296
39.56971522677874
38.81480314412845
25.53870785908703
31.458154787605757
32.46235837296813
33.364181688031906
31.294510215697244
29.172449143821986
29.67491802205761
32.93437192866761
36.14205648786982
32.76516498708338
29.334551124379313
30.943395271967947
32.45946421870664
36.53469139565509
33.747914376592576
33.284347363808884
32.74554106818116
33.085952402941906
36.10333623608101
35.402044196996215
36.137210578700966
36.579095490967546
39.34035604664501
38.16635813008085
36.73634961502857
36.8490713021054
37.33381222483433
37.6477691908948
37.18010959140209
36.134793689505706
35.21168873580333
36.78546288593633
39.62137824057695
41.94455769753325
43.55057376104948
43.84876428399388
44.24061786716416
35.151174654686834
39.09981030851112
39.99745214797987
37.63533926185145
37.97205231411932
41.61242916808763
39.167969852434005
40.97504218261738
38.7682470384723
39.0348641875639
37.77409035921444
35.731533715583886
34.549272029280246
32.605812347483344
32.859263499151055
33.81741548964421
34.198394507602295
35.13892454022004
36.36365873267074
36.81787461079413
36.969575857195316
38.22491922293542
37.84706535974179
36.640951099641725
35.839448102143294
37.23433181845055
42.10553095338004
44.30296546062855
41.70624909301306
42.81698482726186
42.656831834262945
40.9420685060466
42.82792582921379
38.824206061698874
38.36110604377181
41.619123403634745
42.24640671637002
43.131163461953186
42.352853745409426
41.470705124651396
41.224201653943055
41.97896477730964
41.241029673194646
44.134715216047574
46.0328178622463
45.351640072881004
43.83878024719232
41.77937823277062
41.96994245862365
38.96585828405408
35.933071300785706
35.30668110096537
35.39803087256076
32.16057491012313
26.007494464102106
31.575487365976663
31.57409154756837
30.362613186105385
28.954410168785397
28.708095934484565
30.357789476148188
33.06092137343897
33.21930286504282
31.293163093606967
31.090159747823567
34.97011674089531
39.32676024637171
35.98175224028756
31.928782913901433
28.543825601550164
29.143146557427798
31.575249464739436
32.45637004320309
35.254401252074885
34.99235762804991
33.99110374102499
34.97288281744865
36.330825951848276
37.3373655118615
33.129262096721035
34.16431888127616
33.52506703956721
34.11914351442148
33.22400285043346
33.91292309148492
34.439644526943255
38.93088813935067
40.76185862242586
39.41056111141844
36.59857491649794
36.25506744906144
39.45213928653358
36.25195043224592
37.18492700953193
41.367199546042066
41.83007274137373
40.47050782803124
43.79872550865567
44.92079839908264
43.244508237672875
40.87173287952717
36.601618307512574
35.7404477485955
36.70442454602527
34.268397184633784
33.38880779164787
32.636990741138426
32.38010545143043
37.31608358710805
38.18848888467192
37.860553280953965
34.583038308007716
32.80504218985281
33.21757492504585
33.81696497100797
38.81494881072663
40.060449973463356
41.219961250188284
41.74811503300757
40.64897242284913
41.49949417052724
42.452018049443815
41.50681803049771
39.41151477721868
41.955125652302044
43.04074236949474
42.97445541269445
42.01492191725351
41.48756525953935
40.344660238569865
40.29146524255125
41.74170211338593
44.85128706144791
43.97691748835266
42.30184774854482
42.14041206453363
41.88446998830864
41.21923314576865
38.52851775117367
41.90749941069726
40.765204525313855
35.856735901894574
34.85222252355202
36.43211763221685
33.097607612317546
29.005833918540535
28.836356361705995
30.04635163586367
30.71458785253333
31.1061137757128
31.414665555051204
32.99827283823089
32.95887404850493
31.58587857543706
32.584525785222894
29.59734532996762
31.527477057092664
31.860598649971525
29.731614471407863
29.418109887893262
26.729505807868023
28.37007171519748
31.138150891608717
33.388482152980956
34.60722507426759
34.85664917869102
35.90945102032221
36.75693348347933
36.288394269714445
35.560786575721195
32.814947002010136
33.71155338308272
34.61520436344473
35.67055010888203
34.96792868863353
36.331724569943525
39.38634793516203
38.95024051844091
39.83833386657477
38.72937701173569
36.61426729115274
34.56267203012959
31.547099698698656
31.755703678288977
34.02429828867711
43.849994410599386
41.33447483391436
42.75933955150882
45.762093509914585
44.75105547811388
43.68016049361215
41.157139594636966
37.98036976304863
41.9664335219122
41.811948975366654
35.09412882344388
33.74585683190114
33.33449103575777
33.09716008302854
38.646887530167916
39.00298838321033
37.52701220137203
36.92294711263595
33.87273929493484
32.499770318916326
30.96332349837748
40.547598172200296
42.69366664954834
39.66305268130313
39.8691828596355
39.506714301086326
40.18514680972975
42.22301906227083
42.37253242763141
42.415317136219876
39.47240384457212
39.39624661090429
40.44773999449132
42.55240720866448
41.604799021338565
39.979356233794384
41.10132406980716
42.13559542874604
41.82102634476076
40.2851423429012
38.1446950424083
38.175533020632116
34.39731410006697
28.32844341927199
27.502144155052854
31.419483946039172
32.2359226485144
32.87807247674946
35.42868124903168
35.57996309968673
33.940935059981115
32.27898019510948
32.03593818027547
30.54432906660419
31.466597842630183
27.919989872719647
26.4078917589492
26.400935342709985
24.323431324283977
27.806081943553853
28.879465567305022
31.14777377024852
35.41944720463733
35.277693158164794
36.07551224273102
37.34462227329639
34.206193467571296
32.641223189235184
32.711756317041385
31.92517762289129
34.91656251218802
35.65635879283403
36.373359781412
36.1814932534135
36.852753587993384
37.844377699649485
36.19386103019263
36.47759267939698
37.43975227422743
36.83258776146223
36.260013184195934
31.96643852361479
33.207160233399215
38.53864888793749
36.75803280752998
42.266829332323354
39.29633347298185
40.10487828928275
42.391005434230124
41.351702832946714
42.15887352508099
38.176841615963504
48.690349802814985
46.804135224846576
41.67578525709392
35.55695809795119
35.5452616301715
38.907865226883544
34.76662509054818
34.38530287164691
33.707158971549575
31.106071842672595
36.70405070904112
37.91745555586061
32.39495860045634
32.68782524188778
32.58573155436496
36.20134509076459
40.028167617182035
40.27177702417401
38.76173501779112
31.28130444843266
39.32687661660538
38.714309486906814
41.20477336306476
41.176233269819555
41.911659791930525
41.46502982925043
44.32787891139593
41.45605150193764
43.14234472778274
41.12529097619239
41.19172012270798
42.62541385339196
39.94481810198227
40.13923267094078
40.99259822706944
42.03366720169254
39.87463622738876
35.13818926000617
33.25713431958872
33.37538019498098
32.993186562552594
34.97670697217353
38.19929220782326
37.643984783092016
35.46978998960124
36.57175595873333
35.36566813333129
32.48744777373083
33.27593127458607
32.376980123735464
28.63391966860509
29.05670255711811
28.338071429523986
28.5392539790915
29.975448272049302
32.332237895009804
34.689884005025384
35.50597541985643
36.91865659192671
38.21857455556396
34.18496675355647
33.4432677575045
32.400699834571626
33.36189451413903
34.41546296494118
37.149989031979
35.4558918997739
36.244754001606644
35.76728945967324
38.4140128768678
34.69589794486972
32.83050381906147
33.18952043437812
35.27935604805427
36.58914332630808
33.7447594176587
33.71683261154144
34.90094603375586
44.49840432700973
44.50849055043062
42.24576319269175
46.80433649898676
41.03425934543874
39.87933879756164
42.61233863753671
41.90943197844256
39.5495885583314
40.094100060870154
42.13892140288405
42.286280419397535
40.62439066041759
46.196806003992016
43.07295751455873
41.42849999243431
35.125570569624024
39.530344840606325
41.94073867733443
32.8914270123953
35.25891425243964
33.64512633852204
35.229791045787955
34.998728351669925
37.128726470439865
37.598497228412306
39.75555759254739
38.91225176812708
37.09766847479167
37.06327857651702
36.297572069230405
40.16895282863179
41.37858438719154
39.842944149909485
41.224041773633914
43.643106362648645
42.58714699754667
41.87843915917409
40.48407131623233
40.94248050378287
42.83348128493255
39.32148064144957
38.79123808695591
41.05682010470769
42.696047772812705
43.434434539662504
40.915021387042266
44.18235988250785
44.8481571522946
39.42495674968654
38.82020663457388
37.6558890365754
43.17469360416642
38.356917878457296
41.02346180047233
37.450086530016165
37.1573085158709
37.85286625900834
36.494642999478444
35.90263921315892
33.74167364171707
31.688974245610442
30.73124863025648
31.69585388275746
31.02997902761896
32.593337192037474
31.194788410475695
33.42427105533456
34.24848927679198
34.983489788257955
33.544033804102725
34.91253095666346
36.89578227956595
36.2843221980933
32.73487831993509
30.844904440050968
33.449471321952856
28.107524537348635
33.040229946452605
35.33278179801182
35.663516245797815
37.858709389592555
34.6010212042805
34.58896392513672
35.514545565547714
34.30479402188961
36.68152914545803
33.07202309515557
33.56339596006042
37.90358743715629
45.32815686957736
40.987430921282936
44.30875690062161
44.32512788245073
42.54250689483366
43.53747793335201
46.524498440467795
45.10272140074049
44.22622249583861
44.9396372445129
43.404734464258695
47.06318334543419
40.258930179149466
37.17512152246824
38.26036959915756
42.74236827374849
43.481588917444626
31.553804520224308
32.97524968885194
33.13653705157505
36.45460150158555
36.522033050153645
35.63073239743555
35.78723598800501
40.52111618971937
39.058687665242594
37.178088914906766
38.93804447199322
39.91823821270177
37.43774448403603
34.911662431998906
42.195504791507766
40.44536081988837
36.92222948125813
37.59343948225651
39.17343228604767
39.7866789914015
41.81635882925807
40.49464403585777
39.990980223738255
41.585561017348084
42.16404305592794
41.70229849136041
39.630392114141316
40.00821420283467
40.57591302648318
41.890047153544
42.51626840533752
40.85239807576113
41.924444394263084
46.697186230105366
46.92755702951647
41.2319212637341
38.96472521056009
38.71024485595777
38.87968121177434
41.0094066309167
39.71742622248772
36.76064009891504
36.10728936070679
34.14186444467176
32.6240610857501
32.90784564126456
34.42692620596349
32.28552338972627
33.54042231286532
34.29288218319387
33.53725605266513
33.37156522597432
33.34361390295237
36.995746072438315
36.107696561922715
36.229168409253276
37.7988899325867
38.121643528388816
34.08242950203634
31.88326522901768
31.58183883125169
29.533424624835053
31.799141873010687
32.721790446230926
35.9172871121095
37.13993765892096
34.71673405220256
36.261253432135796
35.10196891162013
35.55293297935339
37.33148225772798
35.93275058343966
34.582902340130616
34.600976926372546
36.43454135952372
39.84715279041529
37.83954523057477
38.27187542679836
34.35518339381466
32.8802644473782
36.84423895798889
47.90458847023034
43.246942872470456
41.17655589256631
43.981359260009086
45.707014057586804
44.828334842599645
41.75326330864178
44.91722745078739
48.688216781552995
47.50237517591454
49.07389840384873
48.13090687082822
40.769148430888876
40.68900555008766
41.59880962174279
37.233986940708796
37.36406028795776
43.511693916524685
33.13290732323306
36.08267182938075
37.18890710165723
33.041078659236426
35.85618335202475
40.70667279161347
39.88788493333952
39.71546401185916
41.34744091615649
41.06259660854523
39.67179130139984
39.008059267808854
38.895278675890474
38.6089959171502
39.24023379497542
36.84197407318111
34.62577837737946
33.95286569958419
36.38616438604414
36.31101433765609
36.97261525979243
38.61066695360115
43.30118674607704
41.4969531775367
41.16835118190687
39.677034170646415
40.98758927658445
40.216517720748854
40.6033394573264
41.292702700515925
44.40528246433854
45.760046037032225
46.59438111886345
41.71446254168063
41.50293124218105
45.67099995066629
43.157835270287656
37.83042107693775
37.60678022293177
36.27825838045433
27.894997908633236
28.620259580377173
31.522635390858916
34.745379467443186
34.18238332677482
33.37616720669785
33.93331963172588
34.96179285301918
37.16356394457563
37.29446473426319
39.043174407510946
38.743365814529646
37.9937787613707
37.28230565761072
38.54923357152402
38.05858390013346
38.06604783134913
35.522485761676
32.2374299694911
34.412805965407436
33.4392064751849
33.67895216850337
35.59187715304836
35.870674655861485
37.40239173506915
38.59382488562887
34.7800272376651
34.5442358579193
32.154743996909886
34.851645941934926
37.47413172826934
38.46339463622846
36.3404512292119
32.94610872591544
33.59012128556785
45.015678356952186
40.4981338952402
40.45625699253345
42.709553263334065
42.84501647012446
46.152678481991764
43.74470374848521
47.93251767176642
51.77037994615924
46.06245824967402
44.569760156234025
47.99434509786863
44.39057597258819
43.378485416559165
41.02765698638531
34.6325178612828
34.963411547643396
40.369285769758626
34.69693613003086
36.73268545229595
36.450408247869696
36.41397967157059
39.20683123750164
41.23821659058883
42.31130076594994
42.888498553612365
42.573416185815276
42.57793382827384
44.12681762239318
42.95854896785159
39.57912202887137
38.94365314232369
37.6053926368886
38.01556718996626
37.64681527916496
35.798405877721486
32.505636218353786
37.19158253873899
37.32913297259531
38.148470641621486
35.403204029417246
39.62367879869531
37.20859074586289
37.84445655378119
40.33283665843179
46.15918842560202
43.05538499366716
49.72772085545656
52.07901074053326
50.66433373730156
49.499945872443874
43.03378227136798
42.06462814923109
36.92247285466992
31.543564087407297
29.540094044500123
31.517152220453358
34.41060199713213
34.4848252543924
35.52467833888152
33.326580805638976
34.87170109571308
36.75330635403318
40.376418900816866
40.72846817919606
40.714938930399754
38.375425280392484
38.20297695420606
38.44563466403331
38.994942032204285
37.71215147351281
36.71557184784095
34.46316830561834
31.941523719188638
33.4904545894052
36.31056728051937
38.637200968178924
39.41301581399028
40.45529346762124
36.23117856408157
35.18024048916021
36.293379837590486
35.30592613630773
36.948892884213535
37.924938766339174
39.09859119732623
38.13841904811823
36.141006991541474
37.89779806179401
36.066774276707335
50.72970561031016
46.64591485302082
43.213429329925525
43.56524739382062
44.68622270146509
45.14761140536121
48.10395675772588
47.77076540628366
46.41262655136669
39.43213704422788
42.580114308252526
39.53506514138976
38.21530600136316
38.54546692753852
41.97620399370189
40.14760031264279
40.66654846892818
40.610147944084794
41.09622276247924
42.070219831129656
39.61959385890095
38.32305929864873
37.290171977958444
40.24501323960295
41.09476123480487
41.565411510047575
41.598262946728944
41.73306594722576
41.45529993012964
44.444693633728534
44.32874705781653
43.35848495947405
42.995518470876966
39.55555605139555
38.16473810399439
39.897683160880895
32.39014926693388
37.809418864083376
35.38448793239749
36.03147657701788
39.97009108244565
40.930550708088006
40.618009595372904
40.687345290421845
42.01546667875889
44.714723851103734
46.75259870675303
49.51544033362825
44.313351159010125
46.444978883656674
51.86247451666158
51.22536794327964
46.247543948446754
43.6320322310007
40.059766864945516
35.60219030407091
32.85871748732284
35.60426368128848
37.11744588766337
37.06042924971841
37.59846127101484
35.281856157053255
37.69205991384348
40.65998708918209
42.6308922859947
42.08293031898448
42.67676491880441
39.6667125534688
38.92175519417052
40.65357878839421
40.29298755913206
37.81880201074049
36.785528012915634
36.81449771951775
35.59930644663272
37.979632488303736
41.00215368056649
35.418623067259006
41.72574897491924
39.67005350252431
38.19660481209648
37.50518763529925
32.06173470339744
32.16191739050497
34.18731697999744
35.29207484830474
37.34882555428204
33.85525281493181
48.64962453384455
45.59419348018773
43.64022606973636
38.755114029633724
37.03304766940369
45.483878693294
42.92191120512352
45.15070966548789
47.51853553971247
44.69099868351032
42.4740197873935
37.28326592517028
35.53169932358512
35.94296554562739
37.67138338115087
36.502043923799725
39.36267062375567
41.612908932879584
42.454760634936235
39.56407543222498
37.84473982341937
37.11652657271109
37.47398033699539
37.64157449920859
35.90204908590052
35.450228690431445
33.337142367694625
32.86816915279596
36.0106669338314
35.65129726056195
38.45140097953538
42.964960529662676
42.79492858557885
38.38530993546926
36.676968389437306
35.23734204983558
35.24398046994887
39.29385754406114
39.21407726476667
38.8585995251585
40.65118537161546
42.703897618904406
45.43751418365013
46.11094391254735
46.12224614230289
42.35730231474436
39.90499110657709
40.48234175655398
37.87430278427366
45.05632923425181
46.39530389822654
43.50742642316215
41.56630810803409
42.78276646430886
43.46663801069557
44.91283070603023
47.31658523851627
46.51522273063316
45.0749580263497
47.42773663188634
49.79219092050361
45.01514077003023
43.55689644229351
46.01861941704857
45.45204194274007
43.12457636516376
40.63497851198828
39.319800785729385
40.21840251028465
41.921782561164974
42.80565964985208
41.276709269946615
40.23105080346414
40.665201362694425
41.36438362701599
41.35331572917079
41.36179119991298
40.1801858727586
41.49940520353236
43.11273075026307
42.57417668817727
42.33639289113092
39.90877943846945
35.283728985767596
33.90064939906628
36.307576130040616
37.94046928037479
42.55148254386926
35.9024215072262
33.59244445304548
41.262135790921626
41.30875346097974
40.67384272046919
37.71204161526485
34.02640158874938
33.33790733797145
31.153952127519194
33.874073710864145
35.269427521440974
34.3812282107175
33.317760341087336
33.1524690033343
32.65178211307351
36.3962030165466
49.07081575661464
41.920719297066114
40.85332250145185
39.231295974755334
37.562407588053674
41.907636877833596
41.78007801562173
44.23684159568565
44.29996575562176
42.62058165946768
41.256924492388826
41.73673865994795
37.06904844916503
39.40637538408978
39.183695730450076
37.85316668313888
40.02572927491202
41.14922970107144
43.93260265523654
43.31539829285369
43.41363872493264
37.940242147302044
39.67899914293113
38.751941413261854
36.975307205281126
37.89493845468097
37.5450861863571
40.0226295081606
45.89640928619298
48.61528207607649
47.39046781212237
47.28654057376622
41.861747597283106
39.73183162505056
35.143702303474434
36.00079674361488
37.66591846223926
38.549514094725374
39.193822695458664
40.5643719181727
45.73214666021918
46.78413710120178
43.587208387393034
45.265988399145485
44.135822635429
43.41866125845073
44.12818627910141
46.781423653896
43.4407872850325
38.027082807716184
39.529984720518335
47.425687798666914
46.63211523761962
46.465146145531406
44.71081077516546
46.81683400943398
35.29287160012147
35.05654326453191
35.648726258729695
35.62979027520453
40.157502049909034
38.57778844623917
40.365452045475095
42.14735890549309
41.37587832256812
40.621233825070775
41.45851791711502
42.056173555323774
42.457743428799866
43.14184449647151
42.69035475569914
41.23346122304553
38.08868091110559
38.396777779194736
40.496719058100325
41.408383858124886
41.658721018963476
40.00604556204838
36.85368625280953
36.58974830876534
36.90422904577097
44.371543954451376
45.721877843654575
37.84088184237459
40.89084288092122
36.206961240027596
36.58522196983259
36.624012592847535
36.06672855269254
35.39151901108263
32.23146688654034
26.859948180004803
28.811723673821813
31.61152745447192
33.19360991148004
32.50932979127948
30.916084071695213
31.89104948675502
34.572410342675305
49.73504221357531
41.475092017310345
40.956167916892454
39.838431631863145
39.01023241368263
39.22732356721351
41.96419586961451
45.76225483171093
44.577194010224744
46.02908828322991
44.10479163355546
43.358708648627605
39.81123280147344
41.9052752795673
39.928444716840424
38.1658078416131
43.30641478857982
41.44348696311203
40.39220507078987
42.44826418596437
40.939463794197664
40.08893041881446
40.15880342101676
36.839324997712744
39.65990304508268
39.39818512319532
36.857793080851714
37.85167227464545
39.98491434417731
45.7910337433638
47.45741552040605
45.795431422729216
49.2134969435115
39.62178486737493
35.22858408905603
37.09720153209915
39.69092823710928
38.73588063619036
41.85607143953248
42.92198563223388
40.04601892879743
44.133052261759076
45.602128351537964
47.188399793203075
45.477660246227025
42.36556191156397
43.74171374550123
38.5418220754157
40.97035035123517
41.417628130459946
45.099038419571556
46.06552423803027
44.61301158870271
39.70663867525615
40.1023842840827
40.10812011072316
40.802939651761704
39.22974589954851
41.11744632546939
41.084399675724406
42.599046532380946
36.881401889572295
37.584808743551775
45.540934691693366
42.84909413956056
38.464112523791286
40.05371394028312
38.526176187455796
40.42455310617589
41.38646794806974
41.21094940691193
42.26146320461161
42.822311455738685
44.744718157207
42.313368567486684
39.59377805983297
38.055816180888336
33.71408785913538
43.10172464400443
44.41417216632837
36.572560370616436
36.740281061276264
34.336234535125115
33.51034676049605
34.02340593555468
37.05000842204749
37.994586845359756
38.96312055181719
36.22012453641506
34.38992103986938
40.470824716003506
38.59052594307622
37.31861400882601
37.309777643757734
36.14800391018639
32.73609286306989
31.190567352259077
31.730041614820447
31.93681010930388
32.066811019527414
33.259087999833234
34.6241800150967
35.970847000643936
33.85305317172888
31.938406931874574
35.000276093649106
34.53466440054434
33.153734806488714
34.56200294607716
49.80286567112114
45.703051954896154
40.935409919389166
43.951179323918865
40.92127596414726
40.27152781486649
43.78669219089154
44.48046699705408
44.76917348452796
45.78695589079924
44.24449591038052
43.95975644065542
42.992800838561266
39.75301586628274
38.25815744039142
38.82884160689679
39.74582938097254
44.12774929817778
39.97974966969534
37.65363710052877
38.41376439713975
38.83700746120505
38.889807423596835
40.44519763347032
43.86484232213642
37.594554519672435
34.107500345225596
36.84399289024109
35.673168697465336
38.10603952638967
43.5589643065626
44.95974379984381
46.407393436980925
46.85937251011009
41.417962927117216
42.91657109526673
41.57940576420501
41.39149609145982
39.26561750936201
40.20826905457706
39.608735209530856
43.06023299332052
46.410865405541976
49.05504496488724
49.96320713287761
47.74059072517061
49.20124735687048
49.98633806850152
47.835848503049284
45.349064314344155
42.44368274678356
43.489285891072015
42.369692754395935
40.380305095527525
40.78404376044902
41.00029579816259
45.51414117992128
44.43542561746605
44.78224458200585
44.11032315845158
43.61358050965691
38.418407948098555
38.974797415310654
38.801865520277666
36.68508019142147
34.97167890546985
34.17528080992556
41.44973256540945
37.08190965526752
36.13256332131847
43.99993924579105
37.835040267145594
34.32018252587612
33.8586310987096
37.61498504736294
35.67349974661999
36.947368573700345
39.78960370932889
40.64802651342662
42.70881533171842
44.810151257458145
42.32719991765652
44.33894009650804
42.89554459425471
36.89974648055218
36.46929927486925
36.41444213034209
36.36312024508005
38.51805497214731
37.67387938928848
36.71657306967475
33.47724847088024
36.763987008361404
35.68352968394851
37.25703343264872
43.58550512340225
41.25333677723854
40.49164506999652
39.12788007598969
40.62568567306044
39.96189245873348
38.043175995155316
35.50379064972739
34.651956615524284
32.1632589384672
32.428997601441495
32.777471233763826
34.800289235078395
31.54068831422748
30.434725105114552
28.15144950233814
29.84287771629235
35.56539784683909
31.318920592239298
29.575382861295722
35.08374820882664
34.05268832413433
34.49279495326735
48.53340633472109
46.3595186563756
45.56786821445467
43.64847027445912
43.28139958098934
42.780174944227305
43.70178607589721
42.74628536593533
40.422121798054555
43.07398239020695
42.71040491282494
41.343946267107135
39.941716931471625
38.37035232290771
37.16210439048169
39.204144604605546
40.730437972134176
40.474946819806114
42.22664167860047
42.37285743701078
39.83236048538063
41.17183999296979
41.58380662566988
40.378371196913314
40.041486346668165
35.22929242173588
34.53787949366838
34.98548625458651
33.34743646055994
34.664414365120635
38.79882448816007
36.94926197777574
36.48737011296186
38.91969968880688
46.44097614163276
46.997511570396085
45.870847586070596
44.246713614557876
41.4155459993252
41.00816015049202
41.54020249864858
41.492001508538706
45.17089193941842
46.406863629044835
51.624507358839075
49.764832597196396
48.92601315556291
46.83921967128204
45.53842244669298
44.61534792455824
45.74963530658841
41.87205734505064
44.185654474642476
43.03750700710419
41.42947879540953
36.30425308048565
42.960100581262886
43.79738170425964
40.83175677664918
41.02424397431872
38.49490430095857
38.16916616202071
37.68744643633998
34.490526536170535
34.08481195445618
35.17691506724512
37.08828086594654
38.5456573926891
40.1564340599191
39.944686942192746
38.81569513694884
37.89753135817429
34.428909553769415
33.849607321520644
32.628948097413996
36.03493385800296
40.14507431707991
40.96905039797775
42.26445219980354
41.84673922595265
44.600296857179046
42.89926080310563
39.03617462065257
35.99201278270552
37.09403634612221
38.20200671994956
37.832471240241645
40.349153674478366
40.038471469685305
38.456963020142396
38.04859088918122
38.61396290951261
40.36206131988483
40.5406890971853
38.608695417607045
34.942184372163574
42.604874794513705
43.55768030961835
42.321691278613606
37.92345754041382
31.888974494358497
34.80456816560895
36.012073431169796
36.65567701638792
34.959337849806985
34.600207450538164
34.495604323912666
32.010293462994454
31.039631470966995
33.40461062196065
34.50058876691787
28.057165050050337
36.834726854668496
37.587235631575965
35.673112610890605
48.21737840510541
48.065209717097815
45.16975465685477
44.04029298538227
42.088075533325856
44.51528641602893
41.6311210164351
41.332060802811526
40.90926705461781
42.218323125594274
40.638668779932964
41.014290662619
40.061775144004194
38.694788510940604
38.661892084404364
38.85384381808754
39.29911193838698
39.73666375522445
39.97689267368144
39.05508180651104
42.14838045461238
39.87620283601046
39.316567121110005
40.16699028211578
36.27277345402884
35.07452192089248
33.679950999097485
32.62366937307777
35.953058640915
37.44225276733055
35.29968279538056
35.82566601195628
34.52110007158271
35.00606336164227
37.187449197719765
48.062602517425056
47.16622124513541
40.9154025047371
40.66675378040258
42.342475700377726
41.46796231020445
43.77873861927593
47.8842461638542
49.18545891189868
51.87841239598555
48.941944411333466
48.59875256916673
45.09812761344414
42.997246110334245
43.069192053664345
43.98546809660594
45.23876567745179
49.09382624247054
40.836512163597604
48.11707957176125
44.46039932493026
44.17262646995651
41.151897970632945
39.75169684180058
38.80791204460385
38.00384470689079
37.81087995132146
40.315924411087295
42.91054889446668
43.56652964289283
45.66442412855404
38.93132803985368
41.130860419239845
36.96711905549768
41.03110284621046
38.059070070921365
36.46644879548835
41.55266650282754
45.80996540073249
38.7822935644896
35.68228790620409
31.25984180279295
36.79209673821664
41.56750488350536
41.20185032836284
43.0427591405241
44.59904856617854
45.5391387309705
38.24985234985457
38.364665202372834
39.35721409217585
38.41209998590569
36.74633834216747
38.92476820823571
41.52916071517798
43.61094483018204
42.6698127030731
40.79014017124419
41.47257221539091
40.60949894771695
40.949974604467
40.51256448410403
36.18699805898857
35.00146229064514
34.22249753300111
32.91339289628655
37.97151181845867
30.984743310436876
38.530812329958145
40.8675963829265
42.15027461302397
38.68170217875569
36.76157947628196
34.37589779241094
34.217192105732
35.400354448656394
35.26984530248946
36.115229296806376
34.905967569734656
48.199348144781816
47.32524555560497
52.9720523162023
50.85865082183578
50.07583298844991
49.138103499177745
46.7054875897715
44.70934333547416
42.539446054053805
36.725523032150825
37.58082955934191
40.30327692926611
40.261047695193646
39.43422692471871
41.559743226738654
41.29881242072821
38.546690695306125
39.28635827061708
39.68183096815906
39.308058746510056
38.9321203672023
39.45738289158335
39.27739886212732
40.12192068170225
41.49280205571911
42.39524282300538
35.7392232895587
35.17365323303049
37.24225744326904
35.88760275146836
34.73987695971644
34.549472600953344
36.44188593497584
35.364141376273494
36.06477338571927
37.55350331697511
38.08475093685928
38.21068735300303
40.62215434278536
38.21672441746596
37.89157078730786
38.52804419297041
41.96045605214813
43.983872292213896
47.75753084665923
48.34179258797166
49.61548499630128
47.74244098541058
46.2830671267992
46.77679429232468
40.550802038187506
46.43222406675107
44.72999770657035
44.12442383918145
42.30680280532233
42.13667963485364
41.681455365459364
44.11491722408845
46.24152105443078
46.343952879477406
44.21746801796193
43.540593915925534
39.969828969028875
38.83157298111541
37.94536847377369
38.01039720248023
40.038501387873
40.07726494542015
43.018663373043196
45.668883981496556
48.141453349321814
41.10482896304416
38.669829172780986
38.635959827975356
36.590832986724664
36.601472357410266
41.87929248747259
43.03341352224414
41.90699603371192
39.93563049747034
38.1036341850679
39.964275855060954
37.52842378876527
40.87034337047977
44.918617038084385
47.242896782550794
39.563997080899455
38.61837199056764
45.988719733856065
39.11288331993143
42.50664741100805
42.43584700394432
43.13768684443132
43.02341364523442
44.626417983531645
42.50133152417092
40.13798867578028
42.579388618616065
41.660636485826956
42.3734777623047
41.95315209153772
43.24814348338923
42.37024024963883
42.11869357390671
39.47156068646936
37.20678205152288
33.94519226897855
35.678061197539115
32.20995202001434
31.99390014820127
36.02953054794197
32.508277738401574
48.550308505673286
47.281693737812944
47.073551722465666
51.73430257524071
52.623275246237974
49.79685164123153
50.82769398898913
51.959532797677305
50.8335900511979
50.622993327475214
47.791979700860956
44.413805898820534
44.75711410336594
43.96282801033477
40.08666366151235
38.691514901141915
38.90866133067452
41.30056720466732
42.39188208590904
42.672665008842664
40.553701007834135
38.12398107077743
38.71855602757874
37.20473137221662
39.356846909330095
39.19313246072397
40.27288011339856
40.09920705391834
37.66117043955536
38.646174327140386
39.29337222041241
37.66372054400198
37.48298306975431
36.84858542027195
35.96315091020063
34.69875525946867
33.69025298381854
36.71767273066959
36.5763207030912
35.969658423150854
36.65554010914963
37.29880967764595
38.37128685669171
40.26460846842198
41.70417558013839
40.32725972526916
43.393087278233494
40.64188859251235
39.564031774402814
40.97612480780451
42.441200233920014
49.74682275265481
51.38901824783605
46.64168727141684
47.51433312780897
46.3190092976385
46.71491203260256
43.897070236599376
41.40741276363411
44.926663996463006
46.1808704626916
46.03011882529646
45.63490203886906
44.21193829496099
43.78024228580204
45.15123897431727
43.867053519751416
43.462529891641644
39.42863377824238
40.69315708394837
35.49492061921765
36.92073395117759
38.17517226755745
38.14293698414489
42.91219998579605
45.66512057191765
42.81282458974322
34.944476347944544
33.692165809402994
35.17004316961847
37.38930337329529
44.633790953809154
43.06152479271466
43.89737295898666
40.69249127962353
34.69202803894319
40.58064850696919
44.599683713527696
44.62788500388239
44.72353758764771
44.42303965921537
42.009172509152584
43.654684272072416
43.84856774658058
37.62333776492398
38.47591052798106
42.32791728011739
44.98406358530584
39.07913037852716
42.38943661816034
38.72336600090229
37.90599908123757
46.61224943804761
42.50843812344806
43.098917745935786
41.23265590060493
40.73429705702175
28.417526897754847
46.726109841561794
45.65166995343291
45.74257953499048
51.582840623011755
49.90692319592827
47.97236391652029
48.59999658029969
50.88315083774526
51.0958584011493
51.223189717602075
49.916648406040366
48.32322756295847
47.94921427751023
47.40925270578346
42.348855979146556
38.753980112933085
39.74877944889757
43.07603264572481
44.452401973813295
44.08507287173059
42.293767469273334
38.844363667039445
38.10192715012704
33.74207671565294
34.40600162355864
36.63584932734326
40.79002679572518
38.98543218440566
39.215852209161795
40.17009827188189
37.86563278059631
38.195372646722866
37.674372897942064
38.528408676069084
36.08793146304207
32.925059403835206
32.257622652911145
35.86709464744009
37.223712290999366
36.81823274771188
42.1380820515366
46.786497699386665
49.62444479076724
48.94425941299214
49.011233901889376
48.594168971872264
45.983641211638904
46.82776426864588
44.359649676535895
48.48136414705612
48.324403883623106
52.62162586872958
53.47571973685868
41.87962956748066
41.64693100205519
47.0706559609329
49.66731429184202
50.72684060503647
48.86161444941451
44.81393921263723
46.07746105630049
48.306645163282475
47.69008407064951
48.186051609184055
46.94594854503429
45.92449649599053
46.751781514869954
45.9562695901099
43.572010806596275
42.033055601274505
35.32456928628671
34.765200174233314
27.917332932440445
40.66423004287295
38.74418626807368
40.38531540855116
40.711077055668326
39.92908595700266
41.35102283132654
44.25884281099915
39.943002349642356
43.213883635114215
44.08828059590423
39.68431070747314
35.73587669920339
33.62212995181389
40.97437401117759
43.87441727431349
46.34169022108297
39.65072047989893
42.9442126351567
44.9114661020523
37.3855761092256
43.32471492738327
43.18703182896755
42.99706545143173
40.25205028566547
39.01940800443128
28.06264764072695
27.090698078858367
51.39348532352169
48.627015175196725
47.84995834971336
50.59394189176653
50.784514622513655
50.670111661996465
52.32464529104608
49.92778655816765
49.66430610908953
47.96432983901641
49.307561208737
47.41436633171676
45.277537829610814
43.95094579267522
44.48507756561749
45.23747327031745
43.99907664300328
42.62933605871546
43.00626312314847
38.01415393537221
33.8660205007963
34.566568012400786
35.185188517255376
40.28654378989103
39.10348408361612
40.44938107768478
39.778143607887614
38.983273498557715
39.475339991369594
40.68497078348109
39.62456382170748
38.912472185263496
36.09702549965748
36.92144693550636
39.4617214957542
37.96445963180265
40.980703892699864
44.41879164657387
44.032378169066895
45.91874231976379
50.56089556017832
49.653652253990394
47.83798039144942
43.38591888558017
48.428601236614625
45.612976114012845
48.80471680021136
48.23538011484687
53.09150192944837
51.23378619123703
52.505311609345995
51.05102682856666
50.116178299310185
50.24122400563353
52.67139916828665
50.432559363220754
48.81744492780341
47.24904377185276
48.175163141769794
47.22023788783602
46.949251994468014
46.185640902664076
45.66653654706264
47.43215566506521
44.993807980267064
38.32992618449466
35.116317981378906
51.0957645612642
46.634534705413756
44.2766193391854
39.12534475677769
40.654451892194295
39.21148126263474
41.260831736455415
38.00738453526283
37.90720179932002
36.98287673976163
39.59301170587869
35.860040888802565
42.69220369089798
32.71790965618054
40.601216457691834
42.02238032559452
47.1595274944355
46.024391358439075
47.226092764993794
45.02474901009517
43.75060529731747
41.80305620100872
45.48550440155774
39.48427732975217
42.96940778901811
29.281448241806903
28.119007326214092
49.55097663095988
45.400717940308816
45.45145145127236
47.299509626107046
50.66005748658437
49.522119619287224
49.98245749837052
50.30406469800721
48.232165912229945
47.326144336173
48.036502699223476
45.48479883679136
43.06051137655439
38.03217294600268
38.56750017756482
37.66962761635522
37.63233413452625
34.95638796412381
32.69591088707973
36.60807702610863
39.27492893710041
41.136054348746526
40.110758038342205
40.97601875166517
40.24684530655219
40.14767816780985
39.50980703148827
39.977654665018136
38.73633477213152
39.63445843993775
41.06705224595226
39.23944130797175
41.19677834765823
41.91686780106514
44.9126599407582
46.1274664436217
46.61728817073175
47.616669871291556
46.09706603771425
47.93256341626356
43.97927007993296
47.1665990971659
50.047453403457766
46.41885185026592
50.77874299702015
51.534780917283776
51.094822624895095
50.96311402546964
50.27022223885721
52.187867120784134
54.91342555000237
51.76606590302021
50.59756642739067
48.59062613825349
48.17372831891537
46.66193868767403
47.99533570356634
48.43764130407487
50.230380066015236
50.58933329363372
47.19251926379221
34.75866297191538
49.66010291059685
52.81019267267905
51.65617992117248
45.8746101560626
39.59761752092617
36.89068081969183
38.337436119254775
40.91012771024049
39.00164133028693
37.806994258173084
39.679340184985556
36.542921172064325
30.338010110904683
37.143418844471526
41.371286606503794
34.39603750240792
41.259267706914834
47.678783278431666
45.56126573352162
43.50211702246997
41.473534627012846
40.82543051664991
45.48153737496785
43.93818700958462
42.91744059507264
41.1532803975013
50.2210849198328
48.80802787552528
45.31754953157681
44.04514479445321
44.834024511540505
48.557177584783204
47.726463709447515
47.78302752778167
49.02443451683536
49.22853519787422
48.56919013356101
48.345130716617525
46.99499018589803
41.11388290246721
39.36033708266912
37.31072515662326
38.3846244934479
36.02341908954928
32.52215512939963
33.22301597398286
33.109593838192886
35.652666036022175
36.54742063345856
39.70340649993833
45.27197843523287
38.75115071881544
37.756622994596036
36.45490990150575
36.08161387678975
37.028064333893795
37.76093140489834
39.22580150240148
38.80405440213506
42.10677944039112
39.37807856985938
42.71731738551749
43.8878709613465
45.565538946288285
45.70589716971517
50.02752068118326
49.976100759848734
49.73924200801843
52.95095052781774
54.04401254281045
56.162083856210174
57.261960121212944
54.489402148031665
53.55377042353973
49.737378774568185
48.96258084420832
49.761267286946484
49.63772736350873
50.96650510950446
50.54329189759971
48.33606422720949
49.003909830620735
35.437696259105266
34.781699171292864
54.20833437478496
50.76037836194972
47.555852232827036
44.2210797283617
41.39191682769716
43.033284035178056
41.57782412653196
43.20070506202288
44.705286142050994
41.499740477507444
39.36368054935218
40.87450800138107
36.1900089792943
40.600604394769874
39.05919809581228
40.91968441646581
40.96064769607214
42.95796757807326
42.79049377614854
41.7178452378362
44.71218294704066
45.053051370131996
43.02560555475489
40.231042388509245
49.0273647390192
47.578697438454725
51.27263508905144
50.82646858254208
49.13736387228858
46.603638788229496
47.02842024775991
45.59970970202382
50.12900399859607
48.93445625982848
49.30874226862292
49.9364283659539
49.30998167089057
49.916921485637836
48.65117436233964
46.41121779233882
42.53609304874069
39.156407281110354
40.34290012592883
38.13555325294163
36.74874353353278
32.68484627550905
31.60991391130426
32.322141206362495
32.88152744700608
33.72186803699169
34.45075143100207
39.98301120307914
39.94077683435757
37.25087448474239
37.37007112090934
35.85240504008451
38.41630596628503
38.42299099859568
38.546913570205675
38.31976399242472
42.84247896837678
41.759939562751825
42.172951453053784
42.66600424464535
45.96037455205755
45.202249939359014
45.302018669400304
45.80669525089589
50.01140309690959
46.33090862009156
47.903146216936875
50.857465890367905
49.996893963963004
53.69291776275788
52.8195362058909
53.19643497624866
52.08673563942172
45.68772798107367
50.94419280014129
49.615029968035124
50.845215501443214
45.94431306635147
45.77487026935933
43.09384201159548
54.417241563950064
52.02904962154991
44.82611436082237
42.88479791993487
41.99897202895869
43.12602139347402
44.63808842228453
48.13981422565971
43.70873469130927
40.979642956556255
41.69762433361611
39.00444242346355
35.2967381491352
35.72706131820197
41.22391013683306
42.851995143673506
44.014980256526904
42.109468516217646
46.902187568934565
46.81018883646014
47.95411236815225
49.027279956748366
50.328699819500606
49.11718568340265
48.79696260460581
47.679779242191636
48.748956885524855
48.8441327283673
48.58653788110136
48.67943293655222
48.74523833970514
47.297974736179306
47.096864333859486
47.0182565098775
44.865109861001194
45.056410131311424
46.88710476724649
46.27632048859883
46.61332233287113
44.05567094223818
44.05058895268903
42.21657079533051
40.40916238776111
40.36797976784673
36.36495541968219
34.53820067161649
34.843667649788266
34.56603674533108
33.85663060940772
35.46550098899784
37.21600615199177
38.349936458135694
40.54335271857876
40.73657287152243
39.891835783776095
39.547203246346065
38.72941147894239
39.55798022651944
40.14886690216668
42.41441956248148
42.93793475054162
44.14969631751243
46.27757828069894
44.21621173725484
45.50088871424572
46.945978191078794
47.47772892456018
45.169857307161415
46.17762182234462
45.95034497664527
50.64174917501809
47.83632703252806
55.161340779235566
55.20472853148647
48.35148309688421
46.40301028420541
45.3150210319079
49.202482665754545
48.68139960750962
47.79868886106183
46.6454683645056
46.74490551756972
49.886188690727586
52.08732413913874
46.95996065267026
44.963352544420516
42.82726638940026
48.28000439217056
42.32247323010179
43.90406426345368
39.41891704260428
44.492831820002756
44.633636201966
40.224555826210576
34.26959969873497
38.969266725906095
38.16074127153826
38.97505329601385
45.80057198077826
48.30775545522021
48.72686293466437
50.53208339433181
50.30758278014781
48.79402499042721
48.09986737269649
49.9713168228091
50.58461136540532
49.89205296954808
50.51728023875218
49.048167962525056
49.08316283706003
47.21250204717291
44.746369999388214
44.11636711736888
44.853645790721416
44.251750720336986
45.07814832387368
45.30000962493717
45.80336431602466
45.93767538795429
45.72478275086493
45.115656484074925
44.27989093566477
41.877799590826044
40.456790573259326
39.4635461863836
39.686131270659416
38.738216928386485
34.99746475790823
35.33241161761108
36.09180850689266
38.662028076280876
39.840485170706664
40.85661859087248
41.970429072204084
42.35659633251327
40.42068715931046
40.34322617537714
40.09728030963419
38.92487468298182
39.39239615175219
42.57423670242752
46.10658088839046
46.880556099894385
47.337947168129745
46.89854322311025
49.65359279193997
45.78643661935078
46.49007399950959
44.72030753607685
44.672508613854724
46.02453919202602
42.515374669118636
45.68924172597927
47.92295512259005
46.144792081440144
45.30324163945353
44.56472725463597
42.87704890954269
47.027144097785
46.24030807778648
49.16046560680023
48.525576807301846
49.965209618882916
48.369666924767614
48.88436980862729
38.82736225024634
46.80376916004332
50.04328894926591
43.10930462234093
42.07733267362507
39.61469744850373
42.26960113349527
43.99568273706306
45.12356451619357
42.80766180823772
34.5958364502278
36.179720394966765
38.330072622682465
38.73800376618303
41.290904631962555
41.06754997750949
43.69633194257448
43.812855605231945
43.31784452853321
50.79707690939926
48.83951145348742
49.35671381316252
49.686648340244105
51.37723354378745
51.27906508454186
50.88548580858538
50.35172788312008
50.309957985783555
48.170747162189855
42.28229348243707
43.529839428094064
45.18194430233879
44.86841450298564
46.227726234895016
45.313401692745444
45.31871679504246
45.252373567946826
45.248480375640355
45.29079382893672
43.777558901984264
42.58558605030079
41.51421019600187
40.10972736561862
41.233558494349694
41.06348892292286
39.516245358211094
36.74646938891098
39.47330148063172
40.00691674691162
41.28124633266464
41.69875595377615
42.34440089107661
42.944429306218815
42.206046366330675
39.74013993943519
38.472974959224196
37.430593992042844
39.19961730254624
40.73998510849588
42.12425554847804
44.111773292963576
46.87825118111411
45.55684379793929
47.99557629381531
46.81810550688993
48.392879524297015
48.3935337313889
50.24870121105275
50.271402350618224
51.16749748501155
46.06251947450356
45.738485691305335
43.63685155368595
40.60971779820657
44.05742848014442
48.3986246961554
50.27734312772651
46.40848015257638
45.90838665976275
47.95947044226337
41.656868269554664
51.45838615236362
45.99249776577332
45.62366005555483
38.22331378279444
43.29137213061982
34.346925362901636
39.654830828945464
41.2574218716145
42.61762998732045
38.03486717714501
39.0735506960135
39.895877815017705
40.207534635731164
43.832808145000406
48.942209028377405
47.58616425233155
46.7556527227089
39.7364721780564
46.181383161923556
48.36162456439051
49.30111552847988
49.834854270891185
50.045943275926454
51.44007514259225
50.71340597107842
51.68774030040961
52.05622015770917
50.592089292167984
50.00713795828128
49.25527593174574
44.97629540976089
39.22933416849777
41.38869076918154
43.136950699308244
42.75737092434353
47.68215326944744
45.582564346035895
45.66216599192788
45.179349239541516
44.54809785474596
44.27409158300432
42.7810770410775
41.37533585067824
41.280173984053995
41.851949354926546
42.09640493120533
41.95070576517571
42.24901474999877
40.761647512633246
40.99638451715526
42.11402421284372
42.88307452665063
43.71798434295151
43.48903709400601
43.64876216396217
41.841329565660885
38.41521970589851
37.07537260059559
37.222965563030805
39.0133953855144
43.16775511796277
46.20937319869662
48.91749452520381
48.06717908267299
46.4753063462345
46.69771283167307
50.61775419147262
51.12850468248032
49.840021404243366
45.834248034444904
41.043227501440576
42.56154874792987
44.60563460100745
46.27510147027333
48.197483997410686
48.387421796706356
48.04857562276454
46.008885254834695
46.556245962974735
43.421894207271514
48.900271961093516
51.31268235421602
46.36550127399849
40.873477488095666
38.06581674634391
44.26594311736414
39.19690375196401
40.05476154832787
31.456026272460555
37.03759139419708
42.8393275657093
44.91764107101073
46.92767788035733
44.41953952339276
42.45721367821394
42.871122374864264
44.04149325697446
48.00755673238778
49.13371773289911
48.0369591467613
45.14368957813947
47.09326425151456
49.58867141623881
48.30996677398306
46.9372847920849
52.01771258385301
50.44949549267497
51.25825749524797
52.843033890848645
51.39078732723111
52.21406791168955
52.5783469976443
51.32296805560106
50.491419566939165
47.172677704809054
44.18482811909369
43.86674053047789
42.43121047737469
43.13690582194997
42.15171232457404
46.53690283878037
45.727736900597655
45.11510879456988
45.97699169646922
45.064449751750836
45.477375324658624
43.9406308327202
43.10136613902426
43.60123087443425
42.54092605773869
42.23235290786018
42.36051509132051
42.32132826171712
43.04272022779677
41.962580821757754
42.270110358909065
42.29964949456771
43.89357844891464
41.3597413846769
39.17884812539068
39.17570564385149
39.107921304170404
39.89092006080337
39.54487618619818
42.59324676402468
48.99406499797553
47.337048217385544
47.84591874859065
51.46890042190977
50.72435702255603
47.85472712308194
49.88985568141031
48.52168621244283
49.084387957482456
48.18352457382118
47.53920268650309
48.09322041305397
49.33092285179722
48.991928933782646
49.011946998405556
46.721559319363536
40.37544396103776
44.09593365906079
40.55325645013631
39.72987881545045
43.77653852304478
42.876417405273266
47.21198319347502
47.476996775938346
47.9389413355991
45.08781881320818
45.03867660298497
47.44657794799758
50.38153291567934
49.744727422691305
49.82068511304689
52.06536486478295
49.21958243342472
46.06867886785301
43.314263561573874
50.13293866727074
50.67528102203037
53.37912290709917
53.28986720290742
53.039625510624525
51.72252704974618
51.95960358702149
50.254092786938735
45.02950480829949
41.95506570403361
44.45557740704586
43.624867020700265
45.24876058127347
47.98874776011598
47.301333987941454
47.57389916570783
47.31224477659778
46.897835422599016
46.67169033123947
46.18695023881643
45.17404844099323
44.7901971453285
44.078693351078876
43.86463746288577
45.21943875442518
44.28363635279216
44.71879001206858
42.673532740898324
41.54750667524958
41.52812105666732
41.57319034495771
41.576534213953174
40.282812634884515
38.47156312975201
39.049590841951186
41.0649833517615
40.14435358305222
42.09759921150783
47.5917246706489
44.137681693301865
45.04188658899813
47.90236359288311
50.7055501524997
50.09695504489733
51.12634438302399
51.368365722527344
51.39281293710295
50.2319247081905
50.69983387102113
52.42564930269463
48.40534740853202
36.947709811467384
39.87523744451474
39.38364100223513
37.81287257834147
37.30778322978474
46.827317908110594
52.71886731498939
50.87683722450554
52.236561403141096
51.805885720441445
49.59160676691518
49.248850162704485
50.93516815566677
47.02077476862289
46.903257692096666
48.7616815006437
48.46222574491038
47.739762082029685
48.88879526146287
51.10658855733005
50.15309508853405
45.88770740908882
44.08523361775643
39.959133355594695
49.68562620654274
49.677417375637525
45.711943510826174
52.09787561903804
52.52080346532134
52.289626558509966
50.949280386614205
50.809545437398555
49.878013823590074
46.359519186587576
48.313178361958414
49.72378932544728
49.80260357854969
48.355216555055534
47.02951277913279
47.48983239709961
46.45651609518618
46.9522305915573
46.850500579133595
47.030835864701444
45.55991598257897
46.62216442958571
46.63631838423497
46.58609923675267
45.66679403140174
43.72387637289033
41.89778609986261
45.51241615890608
44.49634834113752
42.510051623426854
41.12977553643282
40.729876622979454
33.91454283225366
31.456395549272525
36.014491709203064
42.95307632302067
42.919808864850744
45.67853149957745
43.30229594574887
41.151105930961705
41.209616020723836
44.10086026228639
50.215046735954004
50.72307483752125
51.37632634103016
48.588178783419856
48.22365753852463
43.94911292114665
45.037184362664135
45.107528649225905
43.945319886567546
49.750430746123875
40.290030328075005
42.63389759286038
31.64264937395117
35.363872933215696
50.68927325043741
49.68353882449268
46.55524728096793
50.163314887892604
49.1741234853327
46.60344074939255
47.05126823959989
48.5790313274172
46.87115653879438
42.97034191395777
45.07522048822229
46.822807247006786
42.63483040788239
47.31367690218641
50.956442110111645
46.29158067556888
41.223906523557424
43.53351560083859
41.561910625239705
51.30136087853224
50.68264267490835
50.5734830680894
51.69647091970826
52.8135378535599
52.65354975646773
51.77468404362297
51.11297965815041
50.35343058897085
49.28220875120976
45.48997120122326
45.9587997273618
48.71296780389967
48.259581463619554
47.61341220049707
47.62264862764519
47.574206732784255
47.17977599435208
46.9985798698616
47.84432875442021
48.55833631987534
46.756604821770004
48.71678209091698
47.624755368923786
44.61417274062908
43.108195467316705
40.376117141030065
43.50555088806836
43.12990350579089
43.88491359598824
42.601165105186894
40.35937396236527
36.20015102951069
34.09759182560665
38.18180491758113
41.438018131411326
44.280192694289006
43.392052199686646
44.3727719493416
49.30067939775587
48.82442436006027
51.10612939966321
49.58742852226769
49.54125145158738
46.264644825218944
44.508248750113054
42.90813849575182
43.40047700969975
46.39586580440146
47.10030055826541
54.38909138717706
51.322937049492715
42.94376692665353
40.90878862010278
44.202976827570616
34.35287079383552
36.340814690008195
34.65249667603142
40.58628786300614
44.712981772263454
46.53282915842215
47.88782750484658
50.51926800379121
50.904388916171115
47.309475310381195
45.62233242009371
45.63853132658102
46.3413711552727
44.48510474273806
43.534971089080635
42.012702807389076
44.970933919164835
43.66494571088394
44.39896421178097
48.93265265094154
47.41192468378953
39.1242416310329
42.05631754349817
49.353102168139685
50.107532045841126
50.86579047572747
50.50641186571896
51.09621281871847
51.021057453873006
50.60998781198824
50.70741995272327
48.93300692158372
49.58749877929329
47.2617245059004
46.15075106802003
46.57090427890441
46.996517904486154
47.344191978176035
46.82036324675509
45.89340781053545
43.785977196750274
47.18273045679585
49.860591310232856
48.730893140925076
48.48794132141941
48.124171801588915
46.626733958285044
44.84554281875871
41.18314470839702
40.51988658868908
40.6006316368313
42.33483320839342
40.9340714239884
42.3183825054912
42.10117694094054
39.92332796024061
37.66995424497149
38.60220098195398
40.58748111705813
42.578517048062345
46.55305100375983
45.5462528744027
44.33810748354141
47.54546872648326
45.66290548339314
46.176207320545565
48.52512566147127
49.13435869791626
50.43809342272648
43.647737115803615
41.355992117900335
29.911791506580414
31.67681352520498
31.447636899205243
34.00276865799285
36.96506001650026
40.202512907004184
41.15926421242889
43.047712954273294
43.26566426937468
47.352729711958105
47.374260525829214
45.948948543121226
44.793138948125275
45.73295663236587
47.483478647268804
49.415848023337226
48.074281549545326
45.182143892179326
45.06629776293157
44.228795163315546
48.261624553572325
51.55258975276612
50.48164113161231
51.13679050698253
49.99673909243876
46.766421433123334
49.55634906254102
49.80289787478177
47.430836997052054
50.15382970870178
49.02426742520876
49.49744332518877
49.15153869529105
45.56783223276761
45.87560837220604
47.40950539935029
48.49027983099321
48.65107303313885
46.30267531683062
44.67041136438682
45.7362013217137
45.15641394035644
43.08147620838019
41.84814068595098
44.36904768524786
46.48063193800626
47.27591879868019
45.65418670191061
44.404759367175856
43.61723420744822
42.298292084383796
39.29623937309656
38.59652845451233
39.2288271060247
41.07950908700366
39.529749052118625
40.63840757955482
40.66266356292937
38.937821342868446
37.04664004749479
37.97859684221002
40.277463280773304
47.16776575275261
47.31726837812543
47.790688600047474
47.617068876717845
47.761754699776155
4