20.375050073004267
17.3603565915209
20.620126915577927
20.51195630494435
19.192898137425907
17.47111855694716
13.590034055246782
21.592144301444367
20.53744488686937
18.58895234398742
18.131638424961867
21.99958195141506
21.283652888201768
20.182850942734063
18.41903179591394
18.190951681328468
18.20609287854169
16.268940950800516
23.088238238456604
19.920214572653357
24.076452329980487
21.457384289052808
19.77140829188806
14.58573633534674
19.54399628641943
20.537179879840004
21.39545968523772
25.760925488235415
25.876608459493294
22.152098411621473
16.797642180794913
14.89608947605239
19.410051964569796
12.157631910644755
20.30844334377685
22.681128304262057
19.14681846754607
21.978046437352294
24.932401915483446
20.530477719039673
18.31681446492073
12.323033197727629
21.193448002498755
13.159180926292356
13.292846943033728
13.872900871852979
19.61982774108722
19.27827734689498
17.350508603300625
22.646064965888105
22.798196410074958
13.234057177809635
13.258238849444254
22.04045401534259
19.145275852484453
18.56534006936142
22.455449455530104
13.067187093164492
13.146867284595091
21.880622197559134
16.457170088446237
17.217407656894206
18.10283659267791
12.164429321987575
17.95183761639547
14.073362126031501
13.741913149916543
13.41849271068673
15.469989487065767
15.805558514895868
14.379055857497223
14.37852449280227
14.359533992287126
15.334635001228682
15.638711787738199
33.15151888192639
31.401862018370846
14.215142662198895
15.503167775157639
15.762378907810394
12.479033938283024
14.81321955908241
33.13270340285501
32.37668397224447
28.991864009809763
30.015345535636055
16.329801034643395
19.44088501470912
20.87889359096073
34.43317622811913
33.52084041198206
33.056734669087014
35.75403200923901
22.087101576231703
22.66904015959096
22.245460420315965
24.078382920404504
32.96058885118189
32.846289111411295
32.323493735085734
37.40638010667415
23.060188198381898
23.244387467344144
23.531529653340773
25.092302625771907
28.854386062365453
28.207147118264515
32.56997192983529
39.94425396254749
32.40310662965445
33.348648006859705
34.92162694769645
36.43399473898177
25.037762499724064
25.53020528988447
24.52030314221691
30.0990024757821
31.31051578667145
29.756592198877748
29.480130624121898
28.185757886621726
27.91607480312993
30.689178826896022
31.807381021219847
24.008630254544986
31.18221447670699
30.220642599533324
29.13367952840316
32.06160683301444
32.59632200220043
32.32415499379891
29.625119236712333
30.039222776380527
30.8439588995783
30.900671714134482
29.191469498047834
27.15449379861243
26.950328702153552
23.431233975634104
26.0668646192468
26.720023321355058
26.71105787007986
28.86402030555223
32.27551257841488
31.96484712909119
30.207386339602852
30.424437756991637
31.174315176781914
30.315844645968696
31.293614511658976
30.312588820416885
29.505695901456047
28.245794132126466
27.494515350468177
26.378098198946255
25.468439779307868
26.178256274031252
28.91123939921186
30.868116131630913
32.545945029653076
31.90516563236064
31.47838823338689
31.587271809862553
33.081622313442274
33.801521631796305
32.204155968537115
29.66816976363799
28.278300350896174
26.541883546669638
26.619938130517948
27.75891553920349
27.1507503632126
26.32408829228246
26.655461216747334
26.59950471118835
27.49787483985425
33.689245814436084
29.031094005645585
31.52385078978066
33.72767253353366
32.990940241179864
34.10469019177058
31.048373731730358
31.614548559402166
32.43788240104664
33.753356816557215
32.956181849425846
29.52754034618231
27.262929391332246
27.363040938822174
28.899689065238448
26.485839034385236
26.479456526767166
27.938796495292575
28.154424392218726
33.30823930543511
32.15327267504509
28.873891801675686
30.568955160811054
28.5375842347604
37.46859043952113
38.99259138734338
36.59143834002455
33.95969851936891
32.8416553626731
28.728139162196797
26.40469060031124
24.668226368501646
31.822693437380668
31.82255935489667
34.25455976008702
32.94979497771854
28.29757929816615
30.430105087988714
33.65970301943668
35.37638123101222
37.34401301168003
37.43691873376851
34.23849479629907
32.607908477675544
36.335284822252916
31.736814707784927
31.674863264172377
31.454859864851304
30.481471034169108
31.90790038238088
29.881222030003443
28.264728087568386
30.41145662374263
30.27032794046407
28.67571160322866
27.390012087224882
28.052450045855416
28.567349903823747
33.86985007747741
33.680198958854035
29.292031415523944
27.099589317273963
27.45144611462611
38.7259220790731
35.99132145023193
34.1674219876284
34.341077558650404
25.97721675180033
25.00926983782295
24.722476843273725
27.801045560507184
29.94218648186456
29.436414407838225
31.742405225359406
32.88769953034516
34.45891450112794
36.14519204683226
34.53960955976091
35.15243141005851
35.11914020762437
35.235658875196656
34.475925189473
38.17365527464281
36.91691786387578
33.23341171845299
31.232222577526837
29.27361183298569
24.215423848567927
27.14037908102046
31.032532589492057
32.613837500869955
35.405355391736315
35.95116922064181
34.388215470749856
32.96197252218806
35.186400481206114
30.973397136027845
31.362599209103024
31.5086779036578
30.6963249229056
28.875447732289235
25.51719905849085
28.52395226059469
31.724807719234928
28.36317148434335
34.990122858977365
34.1891405313098
29.570801545114588
19.943070607728227
25.95399418245706
28.879327872404495
24.504957917106275
30.653402928588815
33.650917515677904
30.010337231649537
27.244248966391158
26.432800598440384
23.338435664319253
36.74563600273107
35.00061722952623
33.88551772264617
36.30433227207597
35.35102216123982
28.092174395195116
26.86892237847598
26.133348808582795
29.278017143737678
29.73584158705646
28.765141111621777
30.781099682537466
31.369481205348556
34.53704817981901
35.79829361793185
33.72165185922621
34.00067742566884
33.0550885521299
33.55782214060648
33.61896018269045
35.61834653638513
35.756033453047564
37.606256331793986
34.80812407040904
34.50546328653487
31.787641260087813
32.8843071142742
33.501888149563136
31.084622031510815
34.673908791414
31.65058962182092
31.11857043107131
35.576016538792985
38.06112635822662
37.80423337953134
32.76269125488318
33.04110153092966
33.06422237843782
32.620585566404856
31.415508513030645
30.834908108403095
31.128488558878356
31.787125779883823
34.100569157142104
34.717765872345545
34.856442166456965
31.091194288487028
26.9023199809509
27.992978398008862
27.098119618099588
27.868574843625613
29.228747318654126
27.01215682052687
25.741303209947077
22.52253119475477
20.946958341432943
19.849258932618913
22.180642399768796
27.154163985703498
42.49651942140806
38.86139030088384
37.206480807929566
35.01861022964723
30.903951859977763
29.931376531457264
28.129131250237997
29.224051977498604
29.016881938726822
27.03662361658232
27.06832974508623
29.98164650131568
32.866866961452914
33.53087879344425
32.72984261633095
34.058924356465106
33.65112630196885
32.40502936777086
34.32089763852272
34.289229517427295
33.14387314782115
35.186258761528165
35.266608407297426
36.2426010243439
34.95854944931186
35.2889254061094
34.96942233205184
34.07423187285437
34.99216514546886
33.260524129254
34.68871880843094
39.040664599580886
41.36594703389889
39.83698756856722
37.91831385177679
36.06295428959301
34.49478159710031
35.49110723807647
35.29657990952245
33.28194428355483
32.690099018576845
32.35800077661565
32.882049929909684
33.68335302069571
29.304767927376705
33.31885405308385
32.738695050864344
31.87768366628071
27.590554374648985
25.195125430793706
21.84450509908172
22.32415681785694
21.929510899759165
20.479184916437447
22.7968765764193
21.922788683845273
37.45002566052202
37.301117882262325
36.02720103919723
35.0560994962133
35.3334970342779
30.838314577481633
30.044584071049456
29.53296403346905
28.789932988342773
31.18235890546073
32.401657481112544
31.306213865423558
30.81322991521062
30.35996382160119
32.79802313242569
31.899064070951173
33.57632386239281
33.40505700983411
33.64283602403418
34.06600509147694
35.66628628255771
34.303935408285916
35.49202380036974
35.41780058647146
37.663764192169886
37.235300569665576
37.89314240689418
39.11852589688774
41.815813082792985
43.58688507666779
43.59008351913199
44.856008124398045
43.55553083140867
43.86087911635018
43.8307964080052
41.231904949480594
38.26760130869818
36.32094217740747
35.8690298333885
36.498735536863215
34.77605467985209
34.05927403407247
33.2708002724217
31.68527347771516
31.72696009667738
32.46484553930517
29.98778746036729
30.42019808574045
30.291283244189717
29.353272978945007
24.65602654742342
23.052931907030604
23.178333932356757
21.283422102365893
21.36652834873389
20.73440498126004
21.45138837204201
23.245820922744706
26.173570609461567
34.62951527899938
35.42616157594863
35.76509262558736
36.79684945249562
37.69707865500897
36.92203122012865
36.684139018947576
36.20114466046393
33.46514621579655
35.902968915850806
33.14425224096896
29.515766238588178
30.759506558493573
30.07556554516472
29.603260742575912
31.480731429700523
30.677405850656896
29.603549387800697
29.20758893303321
31.747413391761135
32.161947789814306
34.82312155432753
33.70687312291588
32.898330739717075
33.39260136267844
34.086355303998616
36.04625067735488
37.02340307049848
37.40143500797655
38.78858037321386
39.37894598620159
37.11198114966045
37.327049318166644
37.08993615734319
39.1174904661656
39.55981589447358
41.53721946703027
42.5868485231848
44.12266768730194
43.38694265915298
43.07217538589368
43.94345579981901
43.13662888853046
42.383825656325754
39.30084311819948
38.08646288173201
35.522633000721235
34.85101620845581
34.30672303019894
33.252554117136015
31.762107483447497
29.54750733649604
28.471360778898436
29.44840158893285
28.338513116956623
27.05768620451372
25.323031091422063
25.13731239865066
25.784863427440268
26.19423756587829
26.21851653623591
30.039083925114173
30.331635765958104
35.02075677612079
36.90243567960445
39.823892338675726
38.61970942663231
36.229151043505354
37.14353994621683
37.24361116966032
38.480398435696905
40.277147251450195
39.92974341758787
32.538284837558535
32.35610986767481
32.08131808025304
31.224087757690096
31.530965762117297
31.31807016477529
33.682348959351096
34.26917474911833
31.569855136383083
32.013266516493914
31.82758397149816
31.71873004479071
31.991737237225603
31.6008597325409
31.66262666264565
34.696464982015705
36.18051605295854
35.37253414319932
33.39738285610807
34.14116099549072
35.91744565644715
39.06225310113746
38.66311759983532
38.84406347776455
38.17879613305778
40.051824189598086
41.1793281277183
40.459639645280824
36.011137133695556
37.05466745912454
38.69184160897327
39.97564051944216
40.84456479571488
42.42133835829551
42.9779483732601
43.38677294626576
42.63889925526536
41.32389946203839
40.14037586887925
39.79719469677453
38.855552133720636
39.47276132712048
39.82641848053688
38.50525020815995
38.79119870692919
39.17896336200367
37.13267532254474
34.6078133211075
33.0002369733788
32.94748101206063
30.81318081256731
31.032321620426117
31.443799180703532
30.441147863206584
24.029181922235875
25.186780618197442
27.209325441515862
30.772026609986124
29.29036045433132
28.755789043726715
28.167267699537376
28.336044462312078
32.317294376765624
33.88396511795961
30.528087026209455
31.732430610001977
31.696556998649665
31.61090509926882
33.54394139178912
35.1968850418699
36.613711831984126
37.61755866522527
36.760555648315886
34.972597320877
35.51357278585974
37.55289496737797
35.32212970719326
38.741070991351336
40.206431765185336
42.027907796526506
33.29570756840839
32.20928985990102
32.185776657816795
32.04035078299803
33.0459070295962
33.40352718303595
33.283454929832
33.148805130556525
31.054312131550834
32.089538663929055
31.42342773716722
32.562225258742
30.908477899578
32.2540660749039
32.60098507687679
31.815332938060035
35.715970422651004
37.005772375358674
37.45137899851015
35.481472703435124
37.659098343212975
38.26008051683198
38.68867273307888
40.569032803428705
40.523905418768564
41.590475041724744
39.99003315888722
39.75224508753011
39.13671286646935
36.2882265253192
35.814974526532595
35.6059616621364
37.728560252600964
40.94280581607672
41.90628140436604
41.203379230972054
40.254741332155334
40.38528718289929
39.127029974879584
39.81305215833624
40.39362152898863
39.113424013540154
40.788964985001236
40.86740674882383
38.14023883940822
37.69205241396115
24.49395347483413
29.627153699008055
30.617875566650184
32.262201746808124
30.291345610526335
26.072186960108134
27.2701250118756
30.848912509374486
34.261379205590295
30.421512669443334
26.5832539643405
27.893293506750545
30.290544011548544
34.5251801029599
31.13387169350044
30.515927269251453
30.24575412084749
30.734108234202345
35.51758801969817
34.216643329995655
34.261474658272284
35.053505778167896
36.9044941801644
35.534333095949286
33.858161415793845
34.40822126317733
35.144665082705565
35.39347437177277
34.888882852345326
33.66814635507825
33.13879408850466
34.21233620214785
37.235736176688235
41.025052141495166
42.47484558685809
42.64257428703635
42.397919594092066
32.32124616469707
34.18944690910077
34.85881320116799
32.70146154393628
32.76326493050009
36.796275664577976
34.72013530059187
35.522017717555556
34.89260769003616
36.20310103792963
36.893258333030104
34.017015623481804
31.735085248159006
30.671974208503332
30.641715913264324
31.36836791667418
31.801128890041557
32.409400973964765
33.155977746616266
34.005171897620144
34.88883440833254
35.75920974875778
35.30458888277048
34.45304878374914
33.78830083974218
35.46595864444689
40.71533291511198
42.45219944930491
39.512484019529374
39.89873057308019
39.563463513185276
38.21568311622276
40.94920346487236
36.933954719185024
36.799538853228036
40.64195929781035
41.2481108198071
41.65289323618121
40.80424609671864
39.910533024361996
39.824222527791065
40.45443231640155
40.0363902550072
42.81581991976059
44.48293145518922
43.822392871325086
42.78030246052898
41.03984516407163
40.3540470421626
36.656893403991816
32.634976741877296
31.625466887897794
33.35234634348956
30.04258138876226
23.876088860441367
28.35626663236789
28.753489406993623
27.643695345478022
26.107768002816258
26.2396610997282
27.641187825998973
29.92238549357663
30.533569964566574
27.5652126289713
27.97052720226509
32.93799868245959
37.73498980900067
32.714657205154445
28.28662322752661
26.16796893293572
26.949418578465828
30.07717269802627
31.01724245403896
33.57509051238912
33.47605503237834
32.714022542839594
32.68998788123189
33.85158304738726
35.20839788501226
31.182511295121582
32.87707043409577
32.143073437147166
32.319528420556175
31.89535839842989
32.34677163388223
32.71873692202597
37.182182586001844
39.18036626031593
37.95804148423899
35.512443488816984
35.52808959135491
37.865928191936206
34.668478775555485
36.311990666963005
38.93845144473459
40.39039351256749
37.537972380160895
41.78975419100951
42.568740403482046
40.40138788929222
38.10210218776352
34.89470856567091
34.336153175400526
35.42478377261742
32.422162986832504
29.34052458529331
29.513047448402943
29.755689796774885
34.7484059118323
36.064877185200984
35.42834938408317
32.16215033611942
30.697102567240055
31.79886635788322
32.49294766909239
37.839852577393806
37.85325341401024
39.47267605218004
39.066178856178716
38.3883879236337
38.71915732144791
40.838082668967495
40.235930977490604
38.97199372163317
40.13422076776193
41.35224431381013
41.585768549591755
39.90926580568637
39.58834093813234
38.84820633781579
38.60824387293247
39.9382056716299
43.297629980690715
42.4424542025106
40.12666220387173
40.87080435866835
40.86225278579898
39.755099519811594
37.00195746937793
40.24000709992438
38.407781581153536
32.88085792926911
30.9909706415274
33.46375354185877
28.671149366032083
24.65440472323912
24.176452241189097
25.974487469444032
27.87697274783151
28.336848460829202
28.2325919531081
30.136176426922113
30.877888710600423
29.494278648057932
30.142425735432923
25.932941912808012
29.117808406673205
28.67707159721788
25.586707380500147
26.14505259573233
23.910113352757143
25.644689795689104
29.742778764585125
32.56216332671068
33.55665236119296
33.8319811290591
35.00109842322755
35.39133356616476
34.55355479410861
33.954102363216464
31.631747002439386
32.43720288001151
33.89870327253353
34.81871020509824
34.209186585332525
34.73983535129474
38.7144289366284
37.15103907808696
37.77037484459029
37.21299289247866
34.70956961680487
33.93579962217723
31.120274863237846
31.4108046431497
32.8055801416106
42.946896190691284
40.94097738087421
42.744626503491105
44.942288441970646
44.248218575926934
42.90856463076355
39.943073116429034
36.85578921483411
41.134190770525436
40.363824956556655
33.126617055242114
29.984518473514594
28.354392972416747
28.445700123245594
35.73173332521887
36.620143132346584
34.81207061175319
34.47566411956742
31.327384965315765
30.091116436864482
28.825761236774763
38.61853596840991
40.1198421661637
36.674440086995205
37.92573081952561
38.67066262983938
39.03026444349705
40.81719063982087
40.332834857888336
39.41040191776414
36.89766142429583
37.31803309834906
39.06077420004986
40.677069480808164
39.265428778549435
37.378574902473
39.00923345350955
39.94110727680725
38.33442607648346
36.79369231889744
34.396011221294195
35.37713714719572
29.683103045529116
23.582347758307776
22.905482047749924
27.84612010265449
29.265252439221324
29.433458996338913
32.42403803796229
32.18797226205891
32.23767473114944
30.84777651468975
29.362141238238365
26.63131086326811
28.471399621366768
24.125928837610832
22.761454910479927
23.08470803579082
22.164393771206438
25.555332891185305
28.2662537565495
30.645436490570333
34.65221263983654
34.21086263540368
35.24529031362794
36.35920078380798
33.592251527455566
31.5592030131551
31.5112979595433
30.819309733530154
33.28736863530424
34.76695412322875
35.34049728865695
35.52230594404211
36.04367639130228
35.9054298016898
33.14085533582667
34.69272875103864
36.063198996718455
34.62394336231367
34.36516391476008
30.649709304775616
31.225578605936146
37.6714671871236
35.48938369290192
42.78363818798596
39.08798826983533
39.67719866623134
41.37025690881411
40.84566831060046
42.63648123893354
37.39234187750627
47.790645586793865
46.668948026626275
40.77218723168949
34.504552707244315
34.790307573127606
37.87410420299834
31.320142175330165
30.14145612637759
29.119299815688457
27.764326079636522
32.890773732872795
34.10087437291503
29.314523496544005
29.34957089933998
29.32158717569749
33.72589970526755
35.51008618404842
35.98548880790323
36.041640649645615
28.17644716821023
36.87817999274849
36.93764552270453
39.688591745459675
38.28072056476465
39.1173941961609
39.27861593630474
40.77425112961877
38.404134674084084
41.571375421140715
39.17135449778466
39.29569189554542
40.33403197766123
37.82220001966033
37.47030294869756
37.548478758832296
39.17327207408932
37.154578331172694
31.35628395014258
29.608995080514475
30.74890037094375
30.58491026020055
32.10917830156794
36.74672769464156
34.891505777836194
33.12371076802838
34.136749547775885
32.75729464208889
29.350229679523647
31.1074352810264
30.628287311122236
26.401065716316936
26.34843285588468
26.284422259996994
26.615614436663677
29.32403691553074
31.704911399475915
33.62191908144739
34.57022283129867
36.101537230144245
37.337673862674784
32.946568318181384
32.29260892646149
30.422022758225683
31.370191157784884
33.60706291155021
36.21279385276761
34.33077160530725
35.221403042541404
34.84069116295386
36.43102692956016
32.24730622232777
30.110095282662186
30.999708540457462
32.958494884781004
33.645357305589094
30.76589603763404
30.6610072644676
32.2071537282837
42.963286309078384
43.69552777779328
42.09063088454695
46.312873204759015
40.03201704896937
39.764624173859076
43.14694013392781
41.912685184545204
39.12608810803938
39.41647126847188
41.300074434172174
42.172237838227986
40.67408256241289
45.275111509000766
42.00964291145421
41.02089507421818
33.87280572310882
37.64884987286619
40.19211879308028
29.984144264237976
32.39871739452682
30.473685953743832
31.730136179070904
31.787267206280625
33.87576165285236
34.75455058281714
36.63493581829587
36.20740979025643
35.13545629969101
33.64097573323538
33.6482275338888
38.26270722760639
40.066923557520205
37.48486952285991
39.8069128272401
40.25660812461411
40.40210180724136
40.92082666491484
39.59306188146536
40.76414908576443
41.63593426961953
37.656170591308666
36.9226456011827
38.14751549890919
40.19221215121889
38.45916970408191
37.64509184706896
41.415419731081464
43.14819053504444
37.18222041323269
36.505231501343154
35.20096070550787
40.19854080052401
35.63990333895343
38.38191477824967
34.94182678192624
34.708785726958475
35.95199407827914
34.17177777203526
33.414171768473906
31.252935029728317
29.97040101164295
28.691197680812735
30.03074838252215
28.745578428798964
30.497813459894125
29.51601558108271
31.940988302657594
32.362852685870145
33.21513375153892
32.28951838279785
33.5421045435894
35.55758987906863
34.77685322511426
29.948477256379704
28.78610824877063
32.43096849730132
27.765153051123214
32.713776201580316
35.33615324823951
35.615570767905595
36.846217114898124
33.40660502777169
33.41954662637144
34.045396197623205
32.752682361083956
34.57710415786614
29.99039425973403
30.343529754221603
36.75196818750136
44.654199644618764
40.40534255802469
44.55322912568845
44.939845307106054
43.429030526156865
43.45371389416823
45.709390661964264
44.29330890347156
44.290411585510874
45.406766653553746
43.92697568810992
46.114417241462874
39.57611168639833
35.910546267295445
37.273460938989636
40.85206426815877
40.44260806431526
29.466529145266225
30.82755923658122
29.510694652396364
33.074666526798325
32.88453550232574
32.08535598818516
32.2390731170493
36.995876782930864
36.69959112484532
35.2246729733814
37.16620829951242
38.08881629864905
36.06031058810308
33.517505886183734
41.30701520857279
38.85404071390048
33.689781723555285
34.9426088892772
37.32199770218218
37.77423910980259
40.50520134830853
40.21632232001928
39.57081754004257
41.431259658422
41.407718332024814
40.95484069443233
38.64873511040029
38.08699751460198
38.54123398840409
39.455065291972986
39.20767065113919
37.14430967081598
39.51529698180325
44.1747992320574
43.855252164827036
39.0292148546583
35.93649580431804
35.57282411690208
34.99730048599644
38.45038755282958
37.01851915908662
34.49330128903752
32.74521829249395
30.228152347939506
29.082501284629156
30.15624854705547
32.73835407117503
30.399114066868265
32.480742892636826
33.43013439082849
31.728586318758374
31.38207571656717
32.79555020372682
35.48274287895729
34.77668075605523
34.89902184836279
35.63908433579007
36.11424989746755
31.337882319115476
29.396356445670254
28.73989432237302
28.04063637049683
30.85326302814097
31.61179242582618
34.85246364038453
36.43556856493566
32.85661098692435
34.739056076541296
34.51376041479109
34.69234896748158
35.97262974615742
34.04623347711012
32.71352983236258
32.451536367816225
34.00678785662577
39.1620709641775
37.210956818063636
38.53285832458338
32.16898088887178
29.867214013727995
33.5128928742013
47.84068284953687
42.56225887411037
41.48015036889016
44.6034077472222
45.862256869828066
44.800145543102566
41.4813557613257
44.29315278198558
49.060492266003244
47.513197252957596
49.17875604865609
47.69871098747459
39.6790933943312
40.36920923290062
41.081578652797546
36.70464597877134
35.94370651466264
42.60715880547704
29.957239030561713
31.940172934933138
33.37093302999641
29.806053332124467
31.664294628341825
37.24833099409829
36.87940131736244
36.56505641674097
39.2206584128503
39.38339789095862
37.787158406729866
36.778436360941605
37.23420306099813
37.56565017801425
37.59960821542886
35.86889759276367
33.63086862683516
33.6114877810059
35.13137539207427
35.62918829671386
36.62432435567628
38.28304397036706
41.80223004238879
40.497260420720636
40.323779250635106
38.66518347510265
40.412756987456085
37.13708189751634
36.61784534056328
37.55423570756111
41.24111865708486
42.38083041906346
44.32989599749939
39.01466288085036
38.15500748297689
42.29854623301439
40.056980175449795
35.841558180687336
35.405353618408476
33.449025844167345
24.408037311450148
25.20229221047858
28.386708869565876
31.58123070095316
32.72886289133112
32.59395625829842
32.91633516791896
33.76208493944631
36.11329206844445
36.293353010693316
38.350117353523196
37.93394653472692
37.03750010522614
35.549471234569836
37.1057099537438
36.248265849334906
36.814207125147156
33.63900597984125
30.82216626806915
32.16851368722283
30.666815595701106
32.09964233981435
34.206133015176746
34.81039018987694
37.11837745859518
37.7032894451167
33.383219914952804
32.946096645063015
30.35285553071168
33.40525252747606
36.07867135890041
36.78909690619459
35.302011144213594
30.340540928398372
30.641660063302577
45.01762433013791
40.56010540204439
41.54463430663709
43.20881109937632
44.07748150260632
45.07300569834508
44.42254445921631
47.49228813971517
51.2988165509763
46.28373268420902
45.465244971089376
48.244676150569695
43.764908244148636
42.4496808112647
41.17410196321545
34.64788634993642
34.685096447822104
39.56558361915001
30.802946530247333
32.26912872425551
32.436694672651036
32.49209478025937
35.38641247625861
36.68145603031252
38.198497309897235
39.74107468733756
40.062182185104724
41.044861605643035
41.85873113471297
41.13852058696763
37.80792653345943
37.07932736611453
36.188881214672236
36.587796839324895
36.93648295693582
34.26451069821051
31.125698182158377
36.36913775455462
35.386296813465414
36.65377519136234
34.15217406477926
36.554945172922984
33.65764581372963
34.628474168098634
37.393152824026735
43.37969443627916
41.74585572957883
48.40310292658643
50.865386673073296
49.60578419684762
46.960852742387026
39.870227898020325
39.55622840558067
33.39716188001095
27.908969617852446
27.144669179364907
28.88063994027016
31.92388632001758
32.0246891339024
32.453661274935754
30.957706570657432
34.33333468438704
35.85289441338707
39.27741931658126
39.49101377779195
39.97772521180333
37.98262277445154
37.499307326983235
36.60061705587325
37.20284231900685
35.22218504078234
34.49538576022402
32.81367648642302
29.965647011998257
31.245893420167313
34.55375906380944
38.01707331918572
39.240949451477846
40.22696717518119
36.060688897177506
34.4492266488916
35.19429001976712
34.71456630983512
36.14521685154415
36.29582957373409
37.738877793485635
38.41590837084064
35.44666970490086
36.54780800602009
35.14095922074402
50.99911883866283
47.227728850829855
44.1221228616829
44.592253521379824
45.65331090800887
45.5381607839307
47.924884318248786
47.744262300158425
46.013859232036225
39.77521503399904
42.94438519050399
39.52877498377814
38.024184157599656
37.64940646881406
39.49966122642176
39.67983100983055
40.420064950387186
40.88462288741767
41.48163969351036
38.62189429156332
36.134045379861675
34.10293189754038
33.72927227372995
37.340249033131805
37.92380479809302
38.44873628856573
39.48956493678842
38.907541218099986
39.46002783617473
42.399741258346175
42.22756503748029
40.590278042146366
40.31342470459642
36.770147132102444
36.4155720064857
38.08450454219264
30.886548021268847
35.75351481742319
33.57413914600156
34.35915953673433
38.3718642767914
39.71527214163966
38.59549985745185
38.905773983246846
39.55369295895087
43.05720848299072
44.72344404161506
47.9427255091909
42.9902282510035
44.917339180546556
50.05966708907961
47.555251414232856
41.95933986165486
41.021124937445464
37.59996842313592
32.30969142799353
30.36224752366025
32.95316178255005
34.66180474600903
34.25452173003195
33.79238582450308
32.34227803630012
35.79985013715499
40.061826427114354
41.83742271464225
40.74711825409109
41.88152063382735
39.44132549479807
39.144707028046525
39.30202194639617
38.55200809196632
36.13231133132322
34.89854982007824
35.5375602215436
34.457306798829904
37.144944536449074
40.959183191854486
35.96115960001603
41.46684897854905
39.155889516948285
36.8762172723148
35.87461344088504
30.57459219755152
30.323970874309136
32.88937117333958
33.3471084239023
36.318336502262156
32.893991526946834
48.461121654253084
45.88545278282826
44.76758123024694
38.85287060128481
37.404924023628936
45.806814246314715
43.41574489634998
45.47946853708997
46.124437181594054
43.140462214271274
42.24822183874541
37.642208868090904
35.27681478467695
36.087143627811855
36.43859310036619
34.78854456482156
39.34486460190995
41.66124318327089
42.42279983517324
38.057517188215066
37.70439981065872
34.920244324327
33.82976672460013
34.47692960664172
34.40134086029644
32.61124044916183
29.607478531586395
29.811070070511573
32.58000177759447
32.3457597488868
33.66308639091268
37.65136496287101
40.21414348762374
34.2266618864937
32.98196904540488
31.918747856248785
32.51376798151549
35.32245913872147
36.748331048376784
37.20715570624044
38.13317212041715
40.729664114156
42.51987412459758
42.16342385785808
41.79324963221846
39.948435746726815
37.21519956357444
38.698499453298005
36.707601742139545
43.565447644744104
44.68518059981361
42.55680769560116
40.536266990538344
42.60929458212503
43.732100903888224
45.42511192085042
46.61235371136133
45.35980886237466
43.947245955750326
46.16148807456654
48.538006814410636
43.08857194354239
41.052660256725034
43.26638863123409
42.993128794115485
39.90919143158687
38.14012211670439
37.16029757252088
38.059625219782546
40.13421677073645
41.56748768844677
39.02372951726991
37.62809428720862
38.54469085715581
39.95254040917042
40.09564311736567
39.73750910261347
38.09350373910956
40.41889836756792
41.440583940939064
42.08786437847176
41.13148381974294
38.38322959963429
32.84699596850591
31.66438368677817
35.69570466350239
37.305063713850735
42.16971793300531
35.949708044629794
33.817689787381305
40.76344089204659
40.34893616313604
38.573902219124726
34.949851130161456
32.01328412693581
31.062113727453898
29.066862063062924
30.89411424287788
33.459809554275665
33.58141210804982
32.424336076967066
31.842508518851982
31.463788383779818
34.863694031903854
49.918379048053794
43.36548243339986
42.43485926900818
40.768523699766725
37.84639886756123
42.45614047928498
42.17928368845109
44.653568662706405
43.62710441189186
42.19948890973396
40.620148590134924
41.57126136899196
37.40744278057051
39.96574894085169
38.3306258470169
36.85626906096314
39.731237899592955
41.03147058398578
44.07716565914682
40.325498198847825
41.98685025915725
34.421336123758266
35.481702424788175
36.115489195694714
34.93527100264762
34.47966068003571
33.01384913151657
34.881092431909956
40.675238229826
43.6790163264325
43.14056713055459
45.13760560227911
38.84430170361628
37.32751772728089
30.78379749002342
31.871188457470495
35.781369513030626
34.44631658208443
34.20974632877013
36.31671534281441
42.373909238581355
44.097263808668494
41.319577818780424
43.73859056016137
43.898514120677234
42.61000566150112
42.9674951211904
46.398022570213115
43.30481960488338
37.370834040262274
38.254283408240575
47.20923821191424
46.13450249438902
45.72959969697725
43.038483627304856
44.88249693956805
32.92374314643447
31.29664703076681
32.218192918685766
32.140785553463985
37.690152990042485
36.367442854530616
37.79136760746761
40.14813627113732
39.883579950418195
38.6071276158661
39.89601379936502
40.80933520942896
41.247324371052606
41.36005846594194
42.26631429794604
38.88278167487908
36.19237207980861
37.06780268359557
40.456760299200894
40.072673351878
40.98052971760845
39.89114665212177
36.14771075891045
35.55877728287338
36.28856287261135
44.98284707376203
46.340800803494126
38.18133581269937
40.96971165919306
34.92896497769207
36.12982781491099
34.49213981643606
33.54109323794019
32.80849849386071
30.100337511232755
24.041339695969896
26.16777540619691
29.315928526285884
32.52325550562311
31.865954718306643
29.412551721402934
30.744436513041723
33.45585582022535
50.39306458378316
42.98854758046783
42.355301887889034
40.696777755546925
38.84006272071769
38.62541076558279
42.51393026992066
46.736950611801774
45.23638047975857
45.6561397295024
44.25966591170003
42.978618739068715
39.468115915571985
42.14223068722546
39.54754782894432
37.68319152293496
42.80759287134234
40.56201581265204
39.47683922340062
41.1380969170236
40.579334461103265
38.735926968630864
37.47033432660263
34.02629041310515
36.58865052288119
37.26900813318978
36.165843772733695
37.038282510068825
39.589029356887615
44.353409490676164
46.19398891489872
42.41925753323839
46.88419943702272
37.75858440748108
33.41268673682387
34.98779000364033
36.01040207075096
34.77999667969191
36.713146111267854
38.73155108236071
38.6217347202311
40.5507526725969
43.30166507341856
45.78763022044571
42.30803627791474
40.14626801103919
41.52655407743587
35.594743143001565
37.84778246890585
40.30677977834052
44.65247489280203
45.55716232111319
44.30364224217656
38.637009362942344
38.664411035017736
39.10413563664547
39.96268649549002
36.78964272278373
38.958128841828064
37.94263799316742
39.806384739508246
33.63177513243218
34.90241776201062
41.622553136760665
39.36657581681379
36.140728428411094
37.03585858678096
36.433011505994166
39.501643184807534
40.271199168904424
39.371082496465995
41.105125810050524
42.92202947692687
44.09170708940199
40.824893717306644
39.068064396740645
36.97457825394852
33.31171239414841
42.87965117892429
44.12695996867508
36.51333898408564
36.448729698685504
33.44505794687755
33.16269168738204
33.446862810908605
35.90626395647635
36.73830151949118
38.58770639008366
36.15160285756802
34.37427994310807
40.01600001812846
37.416869346918226
35.11934825505463
35.0823864850247
34.14776313899071
31.336140297237513
29.142551089807604
30.022601705039584
31.115116660692337
31.524042701556912
32.68064693594273
33.520452127811986
35.0207454115495
32.42493117470833
31.210709201439197
34.57612274389225
34.164174111436346
33.06350931445327
33.904100415215815
50.58993899504897
46.70582098324835
42.28948814500884
43.22078316276283
40.6518477812997
39.44928409077315
43.5590989451699
44.9765296672057
44.95576969726733
45.26465951072976
42.97816208831184
42.54959404417722
41.2483013222794
38.63207518536281
37.513573923815294
38.73686464860352
39.2253873416803
43.77258182792189
39.43030149537482
36.96499806833988
37.17909324994839
37.986386816171446
38.171950391463696
39.92828610136343
43.330383384708135
37.571384865399416
34.57312771575658
36.89667459457542
35.80289214135623
38.198990018849926
42.68854411185832
42.228546100886824
45.379191631806236
46.20032512685727
40.4591282220558
41.5382850498473
39.885755343908514
39.9724024348902
38.361224526455835
39.360672559340884
38.874932870894106
41.45904794299089
43.27538596755233
47.34964895492507
47.4414316035603
44.54533718691247
47.3009994367173
49.01311060852167
45.866833004172605
42.388158958930504
39.8614227214325
41.51671824400507
39.975043677126735
38.11076650067357
39.28976872990823
39.10199900775369
44.71476157023814
43.28620618693874
44.13617420769596
43.09345752861933
43.00116840485736
36.841212654357854
38.0063238622133
37.214425310770714
34.571760422772414
33.059162484087395
31.433623150018118
38.341016329193
33.93577690277536
34.075701162428125
41.10702529987717
34.39274359393419
30.957217377955423
30.766272029970747
35.409945339787456
34.47110948929308
35.020571340743416
37.67650309137948
38.90920488521216
40.56500634094751
43.52819010991565
40.88861520933312
43.41933246627623
42.20688362999579
36.43617365825484
35.63227044797781
35.750648976816244
35.91730711775006
38.76568606217857
37.072864205286145
35.46835117149404
32.47864579571981
36.03755363794092
35.23599081472939
36.0146347143387
42.71536464541259
40.934104307338835
40.26599952261025
38.312470435292234
39.988582516325586
39.26670432871466
36.508428780019244
33.990518330394195
32.600954469735086
30.127636847051885
30.578635429796126
31.37351821319616
33.3303480730827
31.012852768163537
28.683087330149156
25.742210033023305
27.951205302460256
33.694133159571535
29.65172521748419
29.128740691594455
34.47741724555871
33.98571593612312
34.41397391122221
49.08824206789693
47.34063600579528
46.08220810315409
43.11842801362886
41.76337162227206
41.39840067977535
42.917978838977135
41.96401683572226
39.875044365145094
41.8875905600718
42.02162073154252
39.68555728206087
39.246479501537046
37.93150372084795
36.07463709717846
38.78369158618973
40.51466056751084
40.255833152377804
41.94548592635019
42.429136611538816
39.395994239605066
40.80683799195765
41.12959544377399
40.06366592582637
39.43761245882429
34.163277784838684
33.73248285005626
34.328688961573945
32.644742763171315
34.052865924959804
38.436688233460934
36.41922541001144
35.82036297705472
38.476480955643375
45.85772145535827
45.631206693616
45.32319523230982
43.7642390254548
41.12588889267212
40.63588954907187
41.30794279473887
40.01283203238838
44.941107367398395
45.24361320289603
49.83125174482614
47.29320982274952
46.56511172823727
45.253538432348336
43.37602331091778
43.34530933271072
44.261980119605
40.758560069258365
42.85652484656796
41.866645575619245
38.42171823582205
36.11607034795171
42.34101567533138
43.14572225594949
40.2429037576505
40.829637782562415
36.403620606967884
36.0899207156309
36.2541671240143
30.88496552901113
30.354664518883816
33.14559566436431
35.89597043273154
36.90856542747695
38.28805038092157
36.551547971633035
36.46816176392096
35.99942098374277
33.13679300568434
31.6042325411992
30.22371827904071
34.6955615832585
37.02125097299984
38.36678520705691
40.92739825496802
40.265189304728835
42.809930479303894
42.238711486063835
38.61689742044181
34.97549751169998
36.3884290994507
37.61362745188108
37.29015852531091
40.12576788643063
39.52699274844815
37.33162721826031
37.67773755445027
38.089067482941616
39.84621081288688
39.88306317226132
38.332036554123796
34.4991840816759
42.26553793288255
42.8487284389703
41.69693582366562
36.36519014680541
29.163457563774926
31.53656090159464
34.43028454468399
35.367101815661584
33.03860236767717
33.23403323865619
33.064147033119504
29.44848924514516
28.819566492515424
31.019375709251765
32.31052298645237
26.539913165760186
36.3522339211273
36.08590142080234
34.89200358810872
48.719329816739425
48.62639110352886
45.340668583594265
44.40925314370224
41.889577474176455
43.71807495281631
41.21754091536183
41.066523689931316
40.526411005704716
41.54241231498261
39.09781474192887
39.20652114187761
38.98205777423256
37.94422336209979
37.94993438073105
38.17511645888755
38.83206668845077
40.3339336591711
40.365238754333966
39.789046158279795
41.37022103257929
39.40943803087999
38.33069303020643
39.21720386526295
35.85498136228709
33.33429469811733
32.07708006592179
32.21513434269191
35.05317990682518
36.320491271763956
34.824732740374245
35.00145800568974
33.96906263732916
33.88810995855527
35.853000983591116
46.53727131681663
45.672299325268234
39.788608421573834
39.95532626187384
41.92604118874868
41.1530495907847
42.32588208156865
46.622070448554226
48.04325630286271
50.83492332264188
47.92615143725096
46.89937759058364
43.107915022891184
40.398872520733164
40.7510688551468
41.94611936122973
44.22255167503673
48.260131000647036
37.597103188207655
47.718458990689896
43.49262691659816
43.04060419260373
40.37329192238072
39.53658215810867
38.18510839314265
36.76359060279277
36.96670907057678
38.525350191006794
40.96034600053572
42.1290491510335
43.95053327098384
38.08904087817225
39.79895517676841
36.20529643984964
39.460057583984295
37.118398685826946
34.641167975076506
37.881264018967244
44.62112736783642
36.74171079475471
33.86474072368858
29.093752331644207
35.01648473689512
39.2569271151457
39.12886427731299
41.1988177479109
42.99936204300824
44.01288533246902
37.26906282517831
37.79035473656065
38.57911462950939
37.25793597167318
36.172035369079595
37.45927212665484
40.83858154383651
43.00421996772432
42.36720123942571
39.94300907068113
40.891337820931284
40.247735144148294
40.3525246153007
40.07817081222922
35.82655575328145
34.43003144171944
33.855266582054604
32.36462219012128
36.26591834330065
29.21380412956793
36.20424914978611
39.28179969424783
40.800557523928376
37.02966452915707
35.08596062590631
31.001174998591534
30.627386123306934
32.7865502689174
32.201828011032134
36.04504854774653
34.031027726643806
48.821092344188706
48.115058724007994
53.75155822730115
51.38374739347779
50.23195673937507
49.68996555617857
47.58437868047306
44.83167894927791
41.64187736926129
35.848532631150945
36.278582176324036
40.07085313187508
38.907869584641126
37.540571738720786
40.16483550619973
39.80994843986686
37.48346046761606
38.751698880194375
38.94773547272269
38.755153064193856
39.26288570668192
40.0654870727318
39.616551318965804
38.98803782933676
40.741806134534215
41.47616403352645
34.90011960975618
33.35386949013881
36.77473761253016
35.27143255474815
33.38515460991588
33.85392862487267
36.064065725215194
35.03722739067326
35.55197604510369
36.83857079800464
38.391615868657325
38.364018244555936
39.59632799567583
37.38160231778573
37.076101198642206
37.46993446973105
40.611532870611114
43.73031542714006
46.36893395021467
47.327746900951496
48.95024043903989
46.74090002891102
44.51734872151333
44.95590170107453
39.88952744019292
46.439788246429146
43.505341635061626
42.714545129046755
39.835569601221195
40.95337799336019
40.53705346805058
44.32462331132185
46.28886025162012
46.33299956163327
42.73503001368883
42.73192590235591
39.03604677444154
37.43085309831968
37.116695282152385
36.17950906690558
38.79665754266917
38.08761986505639
41.163635198484876
44.60933422741428
45.94304348025108
37.99393834832338
37.41046571794644
37.70082376904494
35.45664061324986
35.59335654677328
40.90420883235965
39.73403736016955
38.28318736755572
37.43701392336122
36.5695342031812
38.97520098572914
36.41462107600127
39.783049491222116
43.51459008881352
45.44067307484534
38.373221983138684
37.52934134604333
45.181007987474274
39.296219200870475
41.652616721400754
41.73582460610403
42.44714687979126
42.302693609376696
44.06293709009213
42.3256322439412
39.96137453810898
42.24563109129063
40.91096821254183
42.05451528615104
41.56753200071482
42.91951401913446
41.88127421079954
40.89156240144424
38.70687250339575
36.10061078521814
31.49073506029155
33.02875766480717
28.514337021708755
28.79004327854593
35.03644750108644
30.34753250653082
49.041949313162384
48.25806624259885
47.78788538664757
51.9841360069915
53.46375682749651
50.754117599372584
51.5732363247904
52.51324613965295
51.27511810881522
51.45081675356915
48.00144164934412
44.58102666562104
45.606380959332434
43.45674540781244
37.847481463963724
37.69512182863504
36.95814287038235
39.980004494995775
41.9845592205195
42.113084831297805
40.28791120281481
37.24199368754841
37.82657264585359
37.30520362064166
38.90200213307819
38.884523758842484
39.95391673044064
39.043105279344516
36.43328138453107
36.46809196283223
37.89431376469483
36.359024652153145
35.52514051163794
35.776025023552656
34.72743256960246
33.67217632059754
32.814726496360116
36.18852166723035
36.116331900860025
35.0906450396593
35.36166969447733
35.69787301635114
36.956122520772
38.63495598749603
41.72230275667918
39.21627780213463
42.49817230313666
39.34278967461911
38.02423365446418
38.50636155368589
41.53830531948044
48.38002325971048
51.54162776550038
46.3888641093157
47.07485515558743
45.17143267862292
46.288511665469784
43.4185700882301
40.46656428565276
42.6450590467681
44.12601787303613
45.0038962968561
44.69350808161228
43.43613439361448
42.79684057060526
43.681983574811184
42.50900959442622
42.46170459435198
38.98130063799008
40.405669317190906
33.49185647006085
35.422753353198594
36.34504097212263
36.60203276382438
41.79590082120326
44.12598234611719
40.80941967856653
34.43647825720621
33.414352207627914
35.02451543286245
36.202807312960516
42.852429160484
41.93038117851398
40.89558669434908
39.210940988086264
34.016921021227105
38.9962825240215
43.831750905259504
43.929039608308834
44.09350301720592
43.993366328907136
40.462581023820924
41.73395460286735
42.658346836061966
37.688752567168954
38.80664576117801
42.20776474619084
44.94976879012127
38.88934681810013
41.5801197606761
38.29338511436834
37.59863977202026
46.47537156676756
41.48625189019959
42.27751007759796
41.10947219905649
41.07959426549139
23.843992099367078
47.50105028802241
46.12314442944575
46.926930523306304
52.15930601832956
51.063897995354516
48.626759162708034
49.33305336749489
51.29290065064847
52.23723881964313
51.86372267335668
51.509270643620816
48.53519575234817
48.81415136784407
48.16097496053615
40.32922052268888
37.47232738160003
38.843656723914954
41.478568407245
43.717908225456725
43.429474096088654
41.83522598145843
38.86268328514878
37.127665216588
32.249006208429805
33.08477712607975
35.80160808158417
39.98407313098332
38.606832417487766
39.3165073055008
39.817176583067464
37.92008873855949
36.29652505904884
36.26464301628629
37.512166606027776
34.17974024243414
30.79148738760801
31.08760773161064
35.07604637948991
36.98695810583007
35.86953442292651
40.431768057505046
45.37273842421006
47.189800149794706
45.71206061307016
47.939278406167965
48.73403067949115
44.266131435441345
45.175956985948794
42.46182501263046
47.079720097559644
47.71021695349872
52.49916388170385
53.3497248045314
42.04621892569308
41.245620188344716
47.06585231432832
48.421316679454605
50.672304820544575
47.254240188168566
43.339461934825515
43.428716054403516
48.424304182805336
46.3963865998915
46.90507114100435
45.707189921479156
44.424288018231536
45.37032826180666
44.37738294702245
42.44041419842252
41.48797807891889
34.406409173227175
33.75473032666431
27.011481992142002
39.741402321911885
38.12679799826008
38.52683410795297
38.67832242923131
37.86638306903103
39.03787424190913
42.520628963653735
38.51053939562515
41.32430620077676
43.306414396684524
39.125469354691
35.304329274375235
32.064713274427234
38.68669455694315
42.61846838890383
46.04031750769977
39.52156313139114
43.37168568214877
44.438695885089466
37.1854539370347
42.77889144648251
43.06758467575603
43.86599182118471
39.65963538815944
38.12806488371037
23.639212649780482
22.448602945744646
51.984769592704595
49.4224519773559
48.164954333952835
51.19720346796789
51.71714941295515
51.71800152575901
53.154038250776
52.05812795206143
50.54513545744342
48.82983232070629
50.000828265983046
48.21442848120974
44.152511242760276
42.758938700218074
43.770176910163855
44.30585576217661
43.49844263140725
41.43263569964662
41.33555705290666
36.28301819839935
32.579700035370564
33.03840152678742
34.9233032243519
40.76487039700619
39.463390364017805
40.81271520466429
39.336056805200386
37.88099060471534
39.464538096944636
41.59148073235094
39.848912025314604
39.10241185755486
35.300297633125396
37.14468874268034
39.510996411758796
37.83469687376638
39.759839568239215
43.35084109945384
43.607420194892306
43.46719367707088
48.852832376062864
48.796309410436805
47.35552332556353
43.561207419207534
47.78424172488289
45.83074038604886
49.60394636710269
48.42801165078112
53.10538023315458
49.968760832999024
52.204359836135616
51.61032764740189
50.205212518988546
50.255751223915446
53.368701187715054
49.87518845390497
47.77448043457693
46.733174005249886
46.68755509740992
45.67779323939084
46.44538327026353
45.332445849300235
44.123762675848496
47.152732289547174
44.804757238772716
37.32275901946451
34.398467414466715
50.3327230091875
44.973912566805254
42.061887700876596
36.079571317457436
39.03624148642757
37.408200789242315
40.13637393954349
36.672880616702194
36.34994297018167
35.91571229513965
38.620329482431444
35.725445943471364
42.01759386908893
32.697527446796954
39.89872775728129
41.448778657822274
46.1096203374555
46.15324285803458
47.35757287702282
45.12521936040043
43.77101625493986
41.264085031130776
45.07422254336118
39.380747472991395
43.361255726720664
27.84775751964779
25.15833693699453
50.092187685255645
46.54529087944992
46.45974504087552
48.27966889111417
51.26511762287371
50.187870471303206
50.278687736980196
50.56173808589857
49.05067153840544
48.460986861692355
48.55870409281049
45.10113446928487
41.85207034026598
37.68943843821818
37.59613642702931
36.994349536132724
35.781520767653326
34.202964149119
31.94552272119067
33.997729102578155
37.98583945620033
39.799906423998756
38.97120929185481
40.173652541960685
39.78439364033685
40.49235740396044
40.05979932294859
40.662527247537106
38.75043236471118
38.117415237554106
40.704672552918694
38.598533773366384
40.29997277274201
41.71806735027358
44.363471564024906
43.453983627712766
45.22313797714958
46.08746747475898
44.59428852595835
47.33875313899303
43.41836664434071
46.976528386694575
50.057074806004444
46.91464772138148
50.729722166207914
51.48832632629901
50.86097225109451
51.38751857563822
50.487038596464636
52.530404533786715
55.43393108305997
51.793648520540465
50.06996415673597
48.008360181152526
46.613697589320395
45.388200595903406
47.18518953207196
47.84009757821143
49.641161369820956
49.97318216520509
46.96429975228256
33.359784708317314
49.88246284388167
52.94465886969287
51.775234662118976
44.45028918049769
38.403769476816535
35.188085109602
36.35468999411159
38.98584651557398
37.03627929701195
36.681990121389425
38.53071561017243
36.08114338952179
29.535211738627176
36.65857038812823
40.530467740851044
33.62234033859356
39.97562950711583
47.22686037757116
45.306999226455304
43.37664614808853
40.76996416423517
40.198128200030524
45.43930625963823
43.845806681885435
43.29170576849038
41.271389947045144
50.360765563921625
49.08066218638874
46.514492710297176
45.11888014618921
45.70792337319007
48.96130180560595
47.32802504703974
47.21219187299002
48.797997146795396
49.77215434832551
48.89024157107701
48.54281368515632
47.0252175151378
39.579237081517775
38.939748904206816
36.1980897835806
37.967924305067854
35.29196586380383
31.071445027793253
31.43428131957579
31.473890244726245
33.92582581093115
34.9976778427074
37.7094219919099
44.79035048909544
37.26430910775184
36.03869235500915
34.449031281054125
35.643254754090464
36.26943542308515
37.185150608947005
39.0692143529229
39.105888283274474
42.182048757886676
39.094244589769986
41.84865103501609
43.382482790379555
43.82184188733522
44.50259892041161
49.49607237610348
48.42283089168482
49.43844121859537
53.011323771957855
54.085495536347565
56.162083856210174
57.16882800409204
54.38292058012395
52.218759686158116
48.97499447188373
47.89076692279133
48.67715352446788
48.5850976694614
50.37180770966504
49.88061150309053
46.19485764389414
46.51842307373965
33.93536507898427
33.217041091027575
54.25770040772702
50.85240108241378
46.698435751644304
42.894087960164846
39.85545007615092
41.26168866305995
40.51892644665379
41.46827948273133
44.46791073213734
41.22203052162559
38.07201452370693
39.639732589797305
35.26703965585827
39.075991231277584
37.88797319611724
39.6249416126147
41.149120843289715
43.02567756505373
43.26879884894188
41.0521365531399
43.726404470696195
44.82537697303928
42.556980360872544
40.049924910802886
49.25321152050998
47.92291308686648
51.62023374710042
51.539746793324014
50.05357527171493
47.36495904204043
47.36864145066778
46.366679930791214
50.76782048344932
49.025194108966254
49.386210323167845
50.31984300085202
50.00963274055335
50.47382221473134
49.29214284276318
46.99681989864266
41.336161419900506
38.805329846855564
38.66498208534927
37.1935703245457
35.698398460785995
31.183392463724232
30.143372421653716
30.794230068141164
32.01114020859646
32.23456422412434
33.61873967278413
38.80719538204325
38.597342345824664
35.91171779069432
35.64519690886258
35.19263608153149
37.80390971677572
37.39620486673667
38.35060971464029
37.76215323871123
42.452531178608716
41.498598161707335
41.281781902517004
41.57268743637067
44.29929889710555
43.96317891425903
42.886347439470846
43.712758886411656
49.68817762987729
45.34285442255975
48.72730807436821
51.3043539459576
50.56675737745198
53.721867380918056
52.65748283958923
52.43005729809654
51.210149621138555
44.73238466031461
50.114488388375875
48.80581299558156
50.09447504685083
43.64184483299152
44.12941429627696
41.860365769160545
54.50827298343123
51.84353548993668
43.40533949692103
41.62615718853533
41.48562883446063
42.09471642319291
43.43035016458051
47.26577230152142
42.9717756853039
40.83006004680001
41.4796575555112
38.34060961936591
35.57954211168677
35.73897145065716
40.996850410832586
42.53983735573293
43.46143866865328
41.96391804987302
46.91630960374179
46.82707669253179
47.81037688799255
49.66034880597843
50.328699819500606
50.03403369022523
49.96363666822572
48.805652591356036
49.54728871027618
49.81765223268751
50.19383039702349
48.869213024591154
48.66437159702834
47.662656535315456
47.13482579074926
46.56561711505489
45.112895686695445
45.89077455975768
46.32491497877037
46.63144880302299
47.27934975610924
44.869322654473386
44.5377470597519
40.210497220598846
39.09244123511395
38.96639511480437
35.21449169113103
33.55780889126483
34.00931638707491
33.481203453579816
32.78342209766808
33.80983966399081
36.28350928756561
38.10097131257196
39.461823134235914
40.30799687921045
40.3084366418506
39.612734264483535
38.91993597502503
39.201801541146494
39.539539113387185
40.77202669735534
42.0260223168346
43.47555894031934
44.51429054351547
42.204203580443924
42.74710703194243
45.913204363545155
45.75091224109909
43.935377313554426
44.862006112054736
45.22415712748249
50.48018859224945
47.452524912604595
53.710415227572625
53.42325768306173
46.30430171895498
44.855665633694734
42.25430536001851
46.91670846978434
46.490088949574506
46.37686647919729
44.3483817210941
44.26675102563882
49.57580329450634
51.99793735640294
46.93410350237159
44.53879049765453
41.89381553888837
46.708932314394936
40.622770696010576
42.14019242360566
38.2404274370251
43.994027116138376
44.51899304642562
39.85735228327353
34.70396421011882
39.31716091834081
37.84190700195516
38.38998370773361
45.63432168369047
48.348898905700366
48.72686293466437
51.316822127099876
50.72654282401208
48.79402499042721
48.66707393234616
51.08094864782922
50.75313524169583
50.43929077893226
50.87099494307271
49.60603182845365
48.86042420556624
47.43577806498989
43.763860731834974
43.35843199574391
44.645178099449176
44.362315954495465
44.95742854887184
45.088366696583336
45.289767107757996
44.85539558122702
46.403986531561664
45.546714769559976
44.086012616426764
41.44856010139751
39.94197331830803
39.09948043658355
38.394962631408454
37.76021612434294
33.83752793588697
35.0278728656446
35.837719713809044
37.8160683252091
39.632164810018224
40.563734536730706
41.431833210639226
42.22632380914303
39.71364872665889
39.35665548627785
38.985327471487366
38.15168448177445
38.59494562465279
42.10723277223258
45.0110900823643
45.37813846101638
46.48114119385091
46.365581147555545
49.089343689480216
45.16787131361385
45.9923676753269
43.67293838960099
42.47694957168844
44.98402320251285
42.60737941095382
44.928643209956796
46.16200524134803
45.73373672161074
45.195217762104804
42.29300475418988
40.18543257542657
44.30742011539383
43.232422686533695
46.63258548071805
47.39725552018848
48.538489825385916
47.106295417895176
48.400587557434655
37.76679528826428
46.754594305418635
49.99749814182491
41.497101850725066
40.96486826744388
37.936924884057966
40.755156431760135
44.271390162550524
45.54382083041225
43.3955509513164
34.25587362172325
36.633073900602106
38.72888087488306
38.94190592476923
42.00681393526625
42.218184040464664
44.785198188637445
44.5201207522547
43.08286083074111
51.26195535426042
49.07619360779551
49.541544125444496
50.1357610578888
51.52218241255721
51.34616136582895
50.707169853534396
49.45795546485583
49.199448345057846
47.399463369699355
41.78999244261747
43.792185193393735
44.533985818258756
44.820820063849034
46.07616368406807
45.75069401916343
45.36706894686276
45.038552683453105
45.11860701560359
45.78355723652758
43.889871358727554
42.825758570529466
40.90819992493541
41.164690563022525
41.83170306130478
40.57901880672463
39.131201318907955
36.376701951574
39.39373008229807
39.66907655960362
41.82409330811332
41.23370772629222
41.67819019844633
42.163664472552036
42.004047079198614
38.73812216758094
37.79498202732802
37.0104991108266
38.34978203442306
40.32297629395818
41.31154773410072
44.042747917661856
47.3987084753599
45.221619907308096
47.445827649994506
45.99793648967594
48.40995943209904
48.67543443519959
49.68412444744986
48.06917260732693
48.76481261679086
44.51339119223067
44.3301327716667
41.0871563147112
37.29562072359422
40.862308881376464
45.92645799614425
50.18896225868212
46.282450995210596
45.1648118960243
47.068916388001014
39.36756064277461
49.25133743907557
43.19039224466006
43.826608168314436
36.22360163062354
41.90659835361808
33.25341468601862
40.429790679016925
41.29824809922989
42.798937611088554
38.18822480080417
39.38267738197218
40.35203411319763
40.60104958772788
44.47681609910295
48.67139173950697
48.57835414398656
46.808397948727446
39.89467473725337
46.439637858416496
49.06201284367257
49.76108190469051
50.504780459490114
50.83799671561435
51.82628015249757
51.24740553684293
51.72701020414547
51.936135450133136
49.93249555415297
48.33051203496342
47.86606673801291
44.27710170500873
39.25462584737808
41.34093716177197
44.13049922976415
43.295898181003466
48.13648432416521
45.918829591610596
46.46128972100195
44.39211167737086
44.6658597251382
44.40394592819572
43.57829546097053
42.44908896642125
42.31455547613781
43.14982398777928
42.212326514299704
41.93298568874957
40.111635253582556
39.52201408404748
40.107239254687144
42.26728739309048
42.636627301406065
43.6817124117759
42.744805697375945
43.24299665036759
40.672781867014706
37.75919268350988
36.699683410236865
36.24570334564393
38.54168268022516
42.77402276751758
46.80338974555134
49.56005918430975
48.91816943610097
46.91647372012421
46.26727946459552
50.45537816890646
48.98126409011517
47.48225671295167
44.13664353586421
40.17188537107905
40.801644601238166
42.19146341012092
44.05247569913673
46.046588306640636
48.64999763613893
47.86789315419941
45.81561517197287
46.769039703652346
42.26628478034941
47.83190790847769
51.020677332808695
43.82003796703612
39.29200710323069
35.78517046778331
43.97063265775147
38.833487873337646
39.13624507736027
30.1857024485716
37.5483046222032
43.2186427001793
45.432892081794584
47.84511818417116
45.56695255903785
43.53112425751505
43.641955663802975
44.83138609774826
48.96097519016137
48.73459193042933
47.87399597658184
44.28772732136057
47.71804109526778
50.01231480662262
48.48397476072183
47.32292933174841
51.2872632900332
50.21040009575556
51.9632602248789
53.100324272960144
51.58779306899651
52.83928010394973
52.5783469976443
49.262656739921646
49.0984604885473
46.33822448760581
43.46250806108826
43.697995580680995
42.97657268513335
43.772554613431815
43.456750129818474
47.22510115746413
46.67583605280009
45.67256306069593
46.07649130653707
45.32700594748158
46.3348944899374
45.13251796600877
44.27330577054021
45.475681892147314
43.80733473408963
43.62231630503025
41.6266673291024
41.141377872095475
42.65510464363449
41.65166673551305
42.289861314179305
42.30388182439862
44.082086489881355
40.53872777104322
37.210831570818605
36.77942186849284
38.53857598681745
38.97901264866971
38.67357346238384
42.20009841149239
49.365644649822926
46.48652132341704
47.886269561307685
50.96633576701533
49.62625582584151
45.473030921288576
46.739967924526084
47.22577544352563
48.75439254147959
47.9752390520561
47.26613421345693
47.62280274877985
49.32931011365715
48.95825625592773
49.170163621212765
45.85143841162453
38.65047096601367
41.62847630258348
38.95408805250304
38.89049163917991
44.10742498628892
43.36437920989326
47.391202243484365
48.042022012572
48.731926103094445
45.72494388496797
46.26434293184408
47.77983748656059
50.68723478778861
49.86606788930349
49.81350863798066
52.52024779612203
48.68098690815928
46.15734500788469
43.27502840239949
50.57556358209504
49.4278336441553
53.37912290709917
53.28986720290742
53.039625510624525
51.72252704974618
51.95960358702149
48.88219570974473
43.864876451683344
40.30006223180742
43.963306439557115
43.86685138614895
45.40206390489876
49.301418875274216
48.20988936514992
47.96283768805017
47.22363891314696
45.98837521821636
47.70212034582055
46.847524589777066
46.39800764723615
46.27498501315377
45.30727086791482
45.410965581987185
45.891973912807444
44.26649816682761
44.41639767285886
42.55351156406481
41.29737075661896
41.647131446174306
41.48506228393033
41.41819781431466
39.002899986122664
36.45675708894979
37.910127748532645
39.61683906700881
38.91464030172034
41.58827387430056
48.16088531202096
44.62619871078403
45.076506101830844
47.28041528612946
49.686035990537924
48.958754726576885
50.85210295585014
51.052166938875544
51.41153261118593
50.45037044398566
50.40822655681267
52.06764493866781
47.63927473962075
35.91977575541807
37.73433266302634
37.86457718145881
36.81268194779709
34.647712542013394
46.97083740819475
51.74091475082285
49.8413671020249
51.409607145891705
51.66576338296126
49.64217616231543
49.15203015100936
51.57176025810149
47.30413089758702
47.36099328834085
49.09194463547066
48.75139214516618
48.18303948342792
48.97165072868946
50.830519090787355
49.82922210706017
45.96825705112675
43.75512987791441
40.04256006169214
49.62559707617119
47.78531107024031
46.14897894921445
52.18231233272531
52.52080346532134
52.65105675175824
50.949280386614205
49.767191861121674
49.751632556141786
46.14586074088178
48.75362196928781
50.40464298912582
50.340108205836394
48.11109531602669
47.105910244962125
46.91099150985334
44.691919757017324
46.28554248234095
46.91296969747739
48.24651237129748
46.59233582512483
47.3193458063496
48.327496758012664
46.948999292534346
45.0558896844941
42.76350429876468
40.49414711401169
44.65652241509636
44.45736903158671
42.97808191580486
41.20148092481632
40.67249377162254
31.203409041622802
27.979537868821005
33.55894777005633
41.92651166412004
41.834064049645555
45.37031273097314
43.46421175754587
40.29204068258884
40.689435955912685
43.391875266658744
49.083898755971404
49.6323563694815
50.569756810768226
47.91217631147575
48.06454255838822
42.19991598317281
44.9945325892597
44.14364858253058
43.21403529364174
49.97446026175141
39.282455230644665
41.56374747390278
30.0843248529587
34.450779370086956
50.05052940890345
48.89206237045755
45.595134942676154
50.13716605210085
49.336057145105805
46.46326830468274
47.22167356396206
48.320846929635934
47.175244879238626
43.78855677959484
45.27698216731724
46.81634956227154
43.54526905755086
47.300447783796926
51.1327774673963
46.45276598077232
41.491095063601776
43.350894829175694
40.87452236598764
51.30136087853224
48.10087182457389
48.923684129379325
51.69647091970826
52.8270813597142
52.69147805916126
52.273689097689214
51.32567365041797
51.0673701588907
49.8893448363047
45.728373534120614
46.55050061803904
49.25235472376067
47.673110359643736
46.95499254032901
46.36113689864553
46.77361604598997
47.182007953981184
48.14317249785606
48.795681617661714
49.054829021336076
48.26852949207447
49.78077091602324
47.80941442960317
43.956989041053404
41.550738593907234
38.47954489561419
41.81372455189293
43.39469230868887
43.82788252074189
42.80854562107911
40.024579161255886
34.361506935810844
31.420256636934138
36.440585169399334
40.29349413307526
43.81746105907644
42.676107703024435
43.184954227648255
49.30175274552011
47.97607738111673
50.882358901838195
49.22334776950066
49.611287077008896
46.36027656270011
43.55464595758563
40.673134675531706
41.17902158314428
45.57397760413963
47.37374980096237
54.286035343767296
51.17497648922515
42.85307223834871
40.33583142098538
43.98105754996719
33.78762583139906
36.46675941724793
34.86303430869211
40.11992501577663
43.21095947776851
46.52106222323681
46.363040579807425
48.68730848748627
48.94914728255305
46.54638238317567
45.139622423553604
44.9187905287146
46.606298606442465
45.359423947493575
43.70555920468329
42.131219716689344
44.69502867422131
44.04346111923777
44.76747709377903
49.566612503817986
47.43487721488979
38.66456467200342
42.0853029037776
49.51351097431036
49.12973725768395
49.82353720077734
50.124378475562814
51.09621281871847
51.021057453873006
50.60998781198824
50.02308391787749
48.63929970250727
49.58749877929329
47.998820209027514
46.3126562025619
47.35715448363641
47.83766484919028
47.76600710833004
47.57372853699693
46.11928836195966
44.747636001271566
48.24618721820849
51.14506428303766
49.02970521145506
48.163651303932646
48.00683813067058
45.96297196170643
43.71060260919776
38.571771663889976
37.26612559936817
39.50159360728048
41.63707742255597
40.11412785999272
41.39574665404986
41.443118696746446
39.38628509325636
36.34105390650424
37.24701509875854
39.19361416361681
41.612683044616304
45.02688579532442
44.284192619608525
43.19225260346365
47.02334853693907
44.62603157815951
46.26935460697644
48.19242100473801
48.53025198587261
50.6729390998333
43.745271692399065
41.04388596181214
28.681693749164538
30.74823937453937
31.15607405946746
33.797430263373066
36.65666439465848
39.497838205718935
40.66322466637592
42.30520673071704
42.28799207355874
46.71709007852799
46.28505157532289
44.96057202512738
44.325250377886576
45.42383109720861
47.06608502224384
48.847578415549094
47.491626550804106
45.02160251589438
44.653175686944905
43.95878883949314
47.733608672911984
51.507948809144224
50.16293716423915
50.707485301852806
49.5468373990665
48.32559631597869
49.81260370627752
49.80289787478177
47.10226334258691
50.15382970870178
49.02426742520876
49.49744332518877
49.15153869529105
45.03500096832523
45.87853219687766
46.73991774504096
49.04838508128499
49.14401886181147
46.50444437901375
45.720545336353105
46.60577564195557
44.65822603114479
42.83569635173293
42.32229190145035
45.067114736462464
47.59359836973795
48.0987799719743
45.11160569170735
44.337039211720565
42.99160102135159
41.67922223836803
36.34519769593391
35.24484093677778
37.45845865945952
40.90337787877309
39.50388523024518
40.69039303979218
41.527458054319546
38.70989961534834
35.826559636965385
36.589000969846175
39.1779