8.681143555697135
7.548369497127946
8.908083453158405
8.984633407474485
8.021309727571554
7.454169314587061
6.592551941133636
9.426814494875922
8.993877341417887
8.261654638817655
8.529141815656326
9.534869035272234
8.820878316529654
9.78080237767482
8.935722305766514
8.998597294545686
8.651482388428613
8.106287991070808
10.74557551968876
10.41000378723107
11.778354751765495
10.05718001356476
8.801236171528016
6.954081183716898
8.81445132717599
9.727649613270458
9.253925085076906
12.199707912096597
12.916173361019082
10.491210498136429
8.091592473024305
7.281544461779718
8.126260925526392
5.867433976432721
9.20268665978434
9.882087565891265
8.11370402162314
10.135902013116837
11.266277823840374
9.136799815298884
8.138614095289705
6.484342996400093
8.56491391625116
5.962041756864565
6.160414948763241
6.217851620008988
8.723490150485308
8.54815704650963
7.692967599317317
8.661825061977657
9.112183447232196
6.1323356843751275
6.154211070988644
8.667439508671626
8.183833930586971
7.58864847435044
8.918016158141715
6.267073248287787
6.258350593227017
9.097038547672488
6.2954174423587235
7.454639136456897
8.084122234927833
4.963931146277774
8.252821363157077
6.353012960250629
6.338820401094343
5.7218185426241455
6.341114081209044
6.710071695444586
5.390048159084167
5.579526938912066
6.672514073695354
7.351608424084053
7.019891359565717
17.897779891073398
15.089904041253726
6.194107127510791
6.67332156170783
7.104843306605524
5.383127613063736
7.226328268499172
17.75869082448795
15.074938501208957
13.526805720928595
14.365115487151584
8.384125081834005
9.266795752610875
10.323396127188103
20.489715256614886
19.75918152717503
18.216924431320066
19.71078434930894
8.88726062643927
10.235602333876063
9.420091866630843
10.84274234795043
21.428026678836225
20.544548957421494
19.812790734874813
23.63467936608376
10.389914122897402
10.723702342110414
10.620777805986988
11.928571295277777
13.13505454012875
12.407040810560183
13.18797596382653
27.192790825438145
20.855681626381863
20.432585178157215
19.795488289169132
21.84645756210548
12.056384479739055
12.03775438223033
11.711081395699857
12.627457924780268
13.443085059458973
13.659915866989259
13.069508626453583
11.366883877357957
11.751981201073775
12.86349822258788
12.951609751334287
9.01630627634461
14.202213766059437
12.46234442911039
12.279744677378533
12.96100338636264
13.904214027416378
13.831104023238977
12.291061193048522
12.260566725433693
12.356243532627854
12.368130921049195
10.339411983168977
9.265106427749245
9.544374897293878
7.908854131865276
8.938950759797715
15.470501242624065
16.896122965052726
17.85294771860067
14.762497408150042
13.858927762175554
13.268408546360844
13.158543421808256
13.376829574293222
12.378733232286903
12.640847507686278
12.64024381554973
12.516494907739418
11.069404094298788
10.315695055373517
9.095247959839826
8.324122580360042
15.76417826919819
17.434638840909855
18.31918963040553
19.31795051193877
18.601190301861703
14.792219332869808
14.684035726728276
14.853275901446137
15.483761520703553
13.149138743327674
11.502688179150722
12.551979455257282
11.283704547345277
11.18305359740707
11.594363877682811
11.798867207854267
10.277457267632391
9.904664063062318
9.448789715383368
9.392186465000904
18.71487703199663
16.567800371885287
18.318510474780073
20.48619916853197
19.361961443931904
18.32373291750947
15.348719829853557
15.213401247793222
15.629568714494125
15.715304066591633
13.980620766726041
11.658032966227918
12.411374643929957
11.635104128248006
12.232246058887984
11.144098830278752
10.86309021608849
12.045952002113538
11.908663395133718
13.71320775996631
12.859849738831757
11.029005725015406
11.527021764091455
10.61846031928824
17.628361336456177
26.91464140435505
26.20346545798274
23.54427867975575
21.920928092829516
16.445224789869556
15.01411751180727
13.87221699033592
18.308530908844503
19.083165404321846
20.14780579681074
15.169931335859268
16.540426555955538
15.894979097271527
19.54595149758832
20.809114678388774
19.52740107579276
17.974066872337588
16.39252468195559
15.66055917890148
16.697110971332872
14.730516574606945
14.33760948790902
14.246309212359106
13.539118536227242
14.006803576729897
12.179790482648004
12.935974136400366
14.45566140643496
13.203426799299736
11.968810875706785
10.164229691918454
11.39574482405465
12.046913607729401
15.25598779999017
15.407658192788237
12.274251608606773
10.41554401034727
11.796366250890824
30.251201774790566
26.926197409183082
23.993889145376258
22.035601503877327
14.1438953738036
14.852991043552253
14.316956781748612
16.916055662335697
17.464875493403017
15.155105907671794
17.892003915224677
19.8318095866303
20.020763937708622
20.135127833067635
19.86451333423075
20.410759967986948
18.9553275242621
19.437441376451158
20.185718728013295
20.54454896709207
19.607001446862597
16.515927176273653
15.663921592025972
15.254640785431897
12.568922619351952
13.885794657526606
15.452186333747843
16.9264935803029
17.11872085002942
17.21432103940032
16.93104812543745
16.601632700807443
16.806252211669268
13.659558184511152
14.239073179901391
14.511472454651555
14.387467446166854
12.282799284089357
10.5932075955731
11.944031970524618
14.250496578015943
13.994897533238063
15.503576716049526
14.063729930403264
11.703660806549708
7.452396428135755
10.242360794324057
12.722760141829104
9.636308767602172
11.680750590654162
13.136030542700299
12.470643568668946
11.147768230369065
10.93183377898122
9.694736421350925
18.16917866265043
25.630899015656237
23.977925376240403
24.364836819796214
23.149474409641307
13.406430369395201
13.860668167708614
15.268994706550812
17.33578682271862
16.572757857349732
15.282352484218588
15.444493102900099
16.399518521910938
17.58068107201719
20.20607342483533
19.538025129117624
20.243192473294492
18.47858360262846
19.00509559457622
18.925984833199443
20.326800211922045
20.532102585496478
21.519264802510023
19.86668935780348
19.907615718324124
16.490525409774463
17.801723709825282
17.202513418275768
15.666167765089094
17.631040122810795
15.172095976303618
14.93799678381698
17.153525807936944
18.775886842752243
18.725723155778383
14.205233332351472
14.467944679315899
14.387953409048677
14.089816695471871
13.320625026143865
12.415891487746222
12.76066406377991
13.657886258650528
14.829565982179659
14.86107199005753
13.723041532837298
11.933405560748525
10.349945707876659
10.969553982739443
10.440354840613779
11.719911440302415
12.638999171287738
11.356392336283852
11.264375114252001
8.81624224924922
8.780500345622531
8.236078065638084
9.404072638244566
12.838574941377779
20.841176196156006
18.19445283346919
17.0057066694661
16.043277008152327
16.081645620727986
15.380214178899392
14.945634657895638
15.034489001439958
15.352803887179094
15.220305854079877
15.684356947938895
16.30315575767218
17.200912083607516
18.663474438274598
17.660173015168976
19.202288797037795
18.440382594561548
18.82723371168344
19.44828962598113
20.615842119966985
21.094070284182713
21.826982160574673
21.288613095830403
21.408359823391162
20.643168631855126
20.884352638209933
18.603629532301152
18.02408849415438
17.199484801701324
16.419216555638158
16.489553063346435
19.177927453075373
22.056083946640136
20.955599530150685
18.747426728368858
16.375036786194958
15.820139943981346
15.096675580261433
15.650525281927296
15.001979030050972
14.329914400862023
13.643401341333947
14.11876286144356
14.71435499798924
12.181610588565167
13.412500727241289
13.572660287742014
13.064413082266741
11.463450792367183
11.260713397246596
9.30610195169563
9.13934139527722
9.441265961879148
8.928329005183997
9.619462802702582
9.342700291678533
18.591820169141087
18.495192176937387
18.38871611706509
17.800218163218368
17.405423200940664
14.658913835518097
15.941114265933734
17.341585742697834
15.485337400282521
16.75233320372516
17.327711172576056
16.663942387319214
16.097268304319392
15.051703023779865
16.528240306921195
17.723993962655644
18.984751853248973
19.449668754178592
20.18136057759978
21.726675528294617
21.296451765829364
21.33740613347571
23.31548269022747
22.87437934675192
24.38842216465593
23.15195174102738
22.76160934703643
21.098094072468747
23.146117860505054
23.08962161670899
23.906448988967067
24.08900694255823
23.12987017058765
23.86334950357006
23.736630217281043
20.902281372494816
19.041644137144562
17.93889116245403
15.898179421551283
16.102771313869475
15.570674947831836
13.938062400702457
14.215573736648508
13.730974570065381
13.773782922599873
13.62176680571214
12.611984963949658
12.658051004567108
12.195174098550398
11.763895932237435
9.773841201595832
9.816166706499212
9.657281354577247
9.361651699605439
9.75115098295516
9.498074664075258
9.653240421133113
10.07270603177944
11.78327050471287
16.31028442578539
16.67364755925184
16.201529360639853
17.40192675145022
19.387289030509685
17.99440557366997
16.31932104989572
16.754986053824297
15.493083037354236
23.796536789798317
21.710542582207513
16.281182634305583
16.20881269172887
16.69479620000238
16.509964354183406
17.515413805589752
16.637487211117215
16.477906754850647
16.161561920033574
16.321075291285744
17.162440829717614
19.649442473917947
19.187553530488692
20.20016135776857
20.402167786307515
20.75873885407805
22.461460269194063
24.02423375337707
23.679479814999784
24.876186247515722
25.588894354982074
24.416293950504752
24.07133525437265
22.3307044018297
22.650176499425307
22.618187015464596
23.14893228144731
23.388689796848556
24.28842989744446
23.422525016873415
23.81815593761436
24.538238255370572
24.420652311348057
22.598887224328866
19.481280044300096
20.15321872154792
17.393885465158675
16.949094691116933
16.070179059674523
14.163376851947818
13.872623624143184
12.753044643563843
12.282100637572448
12.5513432787734
12.194713556438689
12.378510797456117
10.915989464382669
10.980296106186143
11.386274478619343
11.387535336778095
11.590549459242464
13.224418422371937
12.694206465334016
16.765110403106025
17.35509229789963
19.967073416844272
19.634996080225392
16.622443637487127
17.46990035896034
19.378887954511544
20.190385976276644
22.054692080519743
20.92495360189815
25.259565958216513
23.113217543738607
21.631129275741504
20.360226987690194
17.396879274281016
16.71771489308398
18.804620547719995
18.7034255493967
18.57477487011861
18.35153095879434
19.079567074466798
19.779365548585375
19.543278518442104
17.756012994507035
17.08274488686848
17.903033483905535
19.381274380639677
19.893043809571722
20.525245124661105
21.14593951716178
21.88159513678424
24.392142152120545
24.49872902204865
24.84522743688701
23.840076274228075
25.669421442324975
26.42018346855063
26.577919705931773
21.716177963974012
22.643310618021243
23.046801829304375
23.02467794939613
23.766430721965328
24.62726564042162
24.988180371215606
26.140965796391644
24.66158305855301
22.539162703720404
21.47642229300935
21.961271908391268
20.092475064598776
20.103444015607536
20.58658158521853
19.83780657629516
18.744747142842726
19.18263030732941
17.45572836756143
16.26946698813196
14.25439405578616
14.12502475690044
13.488626211396948
13.827013771568167
13.715479150297568
12.776637357536384
9.191417082746625
9.94135706461957
12.841998258253911
14.896161672798975
14.009246529475261
13.380658366238261
12.85970881285954
13.517127755386113
16.015747269661336
16.427119675365372
13.960442427505159
13.471828847094086
13.701973237027579
14.55041973673589
15.842026445770731
16.917292675851854
18.839833391909764
19.875129460939036
19.144842372404952
17.246965722300118
18.340559833958785
20.89709946932863
19.629326821231793
21.949487608508985
22.843465010824538
23.959385106946193
24.478997647880014
22.333389342641258
21.361151312074572
19.796680650554876
20.296046145059265
19.707665004244234
19.500220959754547
19.443406715583
19.057728682233442
18.540954310512355
19.639392144195835
22.26543150233412
18.94398951531296
17.680659587512842
17.615418164404947
17.191186815666693
19.28084273770122
20.224266264943314
21.409062914949324
21.483060280345004
21.56720301089452
22.97761259929164
24.78918688378043
25.71496395194799
25.68876926258419
27.442399163697072
26.269357988903938
25.205459056488856
24.898667198109603
22.15539315558555
23.282115946163263
22.448160522666203
22.977782780730212
24.310160664427386
25.656358918433412
26.970268224872243
27.53749864758175
24.240783584195793
22.256962304077557
21.267594869647205
22.18464965361286
21.541542250193498
22.247850401311513
21.28030117957377
18.588939128642227
18.213908225605792
11.903921528570535
14.717870629140126
13.894653370876124
14.763952885013248
13.492044036610771
10.983931364973222
11.063164325414014
13.7346777794619
15.661388114144234
13.52829431010105
11.914824646373372
12.995597255922469
14.172036396551077
16.756435391763613
15.119063669041473
14.317721227946807
14.447542721460698
14.628296892355332
17.27124459175645
16.747494223751797
16.61744617399426
15.328371412928634
16.22153016447796
17.304834227717645
16.64861699749519
16.798150140024134
18.036633553684094
19.130169832236582
18.771859384760067
19.061495483538824
17.7161103331506
19.97540157457745
21.67986531786358
24.043495347129884
25.69656242926878
26.10518881601362
24.515614782179732
26.918825499571575
28.069393648922066
27.617055042672163
23.75261233803321
23.77804718359363
25.265186142331224
23.645971881720367
22.23730606829521
21.321445919518606
21.8580413307299
21.94627713614202
19.142269471160905
18.628726382761887
19.449795329558093
20.459741699214575
19.467381444155762
18.100848899815098
17.200508409974613
17.911825395905865
19.26002704527141
20.37788990467107
20.610669405076152
20.873786858378025
19.55244361525358
19.010958535141977
20.475551028525885
25.688975940513348
26.91404046784646
24.204823499864293
26.49997040806537
26.33048530076373
25.24484394583424
26.21328746692565
23.781080491607213
23.642849353281516
25.84684372239358
25.922466727410015
28.22401473961299
27.737256297641
26.75263716893476
23.98173623967669
22.33130982341059
22.944199706395157
25.485440852625413
27.594209765381898
26.32770013707977
23.4601562037827
20.567070202352006
19.173215741715467
16.08641013849077
15.17056538206224
14.396499490892845
14.987918177351574
14.306257898496296
11.976993025273478
13.125649191861585
12.805233881736847
11.664422860336517
11.106375330790653
11.25685869631287
12.015251873029236
14.299744425124844
14.638998469589994
13.445994275029673
13.689745190991333
16.768668539690587
19.270687379941222
16.498607932944353
14.643148797202857
13.955348702688624
14.239960841236746
15.523213912268266
16.69992957684618
17.094568604538036
16.874292487520293
16.747523138179897
16.61455258104691
17.466889506895342
20.05716491172672
16.391885785201055
17.997303224324078
17.17880165195878
17.80987565356421
17.262600145506248
17.94503836991884
17.624662207414918
22.32604486122684
24.03436478762465
24.47828165957187
22.904960030201305
20.716388390411815
20.453080666108395
17.45841476041005
29.339764566105227
31.4256769032839
32.88627232468918
27.961736450438455
30.40577624421719
31.743426677766184
29.31551064115185
25.74453116975527
21.9149028348544
20.825961926234573
22.48369815419478
20.414470183639256
19.309572782061352
19.30956504573167
19.148006980771264
19.241748482104892
21.086369279706656
20.086597019113295
18.473375118807297
16.783004639845586
17.72023796784421
18.966982147194695
21.70023687478715
23.45932429016283
24.37897412009978
26.089557684814874
25.006596988234243
24.40431637637963
25.14171594831121
25.32655454241885
25.109070662696787
28.03943475196173
28.2190884320827
27.994859762487295
27.452039787459213
26.607332962396026
24.527917798907218
22.641891208875165
24.250657260279894
28.461384841215466
26.229173418447314
23.348815364216705
21.863537558628472
21.73099792270371
21.34609503540919
18.169911467266655
19.838927320781888
18.418843972338923
15.221998719872209
13.95918687648532
14.97623388902157
14.296654823257075
11.982427405766108
11.816365060590732
12.271256631349479
12.324244432951142
12.385971850897198
13.366092320300153
14.096897211487768
15.3219293651155
14.615445009607832
14.994339047360777
13.722746532290625
15.243382335103954
14.215489092312032
13.07425629597422
13.470134361007862
12.542182988207319
13.609006959695353
16.26998553288956
17.805197998993158
17.9108856948242
18.387831365587388
20.936566601973457
21.867662124866833
18.94800049460559
17.831984214836236
15.854733121961855
16.37562691633599
18.893345617069905
20.090757982504947
20.73336138485764
21.27184761192242
24.332928571185406
23.34965200790659
23.890364419645387
23.866767600910475
22.918926327921852
19.03608252856935
17.45969618892167
16.557447952240317
16.643048107906093
37.4449933207818
34.48843011818677
34.879357528699344
38.36976108419635
36.21194671973291
32.9886646999086
28.227763948123826
25.07541265681041
28.832400834621897
28.09381518716547
21.891342314833256
19.128517514059013
19.194202086358654
18.571977969517
20.145454187591422
19.951097828148125
20.38327149076554
20.491296812778888
18.487730613515367
17.137634374754565
17.207848431034204
23.65532026752691
25.529845314737862
23.09380477450358
24.025923640013335
24.638992761626522
25.750346831865127
26.890673814004607
26.868767251521444
26.66944724996697
24.172700728497528
24.069084373607733
25.39629146195665
27.04794957760139
21.59506772948955
21.313557765714286
21.15256528712694
21.66313135717199
19.145033041520062
18.165297941834552
16.55641866269767
16.28604945708324
14.220598036017666
11.67681423896825
10.917371270397808
13.267506247286011
13.658014196079586
14.367500871388744
14.610196197160327
14.486773591405937
15.327406129133102
14.990132188862438
14.979197977558295
13.331072570701366
14.550655332197929
12.549277455311328
12.40018692507597
11.362402086841598
10.588311898386129
13.605078520775812
14.662104105499328
17.604467398421825
20.218489184577734
19.518034807219852
19.97241051646685
22.676368828346263
19.2766620600891
16.141203849027942
16.606609980105514
16.155245075361286
20.37362870146816
23.204270127114164
22.860755783056327
22.418268359016245
22.61767110653679
22.711916792986994
21.07342696758934
21.05213073670192
21.66749922774599
21.285420654102364
20.682189921839818
17.042362656262373
17.34549796321087
32.13580041001655
30.856354414875632
34.090742179171826
31.95111043112452
33.62488525483317
36.5343845289454
34.43654100960694
34.85264053277136
30.50749592627331
40.39162925095382
38.43733276708286
33.29182482197037
25.433409270882716
23.630400343416774
25.328258798594437
21.305650657213985
19.031165092229994
18.439534925058993
17.685629002873632
19.24898288391787
21.24150303429539
19.260622506291003
18.80957459089874
17.67697054524103
17.837437080106728
20.964383776431344
20.760865201819836
23.185282985635066
19.15568134565156
22.63258198495826
22.15076046743995
25.78214429757089
24.64619149686238
25.88991082842051
25.80436312063994
27.413163299304383
25.769650913203197
25.241634032650577
23.745898469800842
23.31726940545488
21.6765739419292
18.103862401898787
17.87738570157654
18.756799534182
20.788950817091518
17.661180929388994
14.004638816959536
13.455656966810245
14.076146483945248
14.22213013885444
15.301812348351113
15.247753886272925
15.253258288351164
15.134133645824438
15.863755773139445
15.472511781844744
14.41770944602042
15.937070359038525
16.467013289443443
14.358114012180543
14.461737485649175
14.736685880825767
14.593787761708205
15.367289555096702
19.007332167749237
19.56946526449404
19.912850736095198
20.676838105640755
22.963686786895373
18.826118568524457
17.32722237207398
16.573438203872225
18.396803243501996
21.80040694096143
24.37264863990157
23.186424030684453
22.997990603393585
20.920182151798574
22.796639309640305
21.024699541681883
18.32742764394602
18.39302682457392
19.99976161549782
19.71984133960254
17.585497634329194
17.000408025866424
17.858949221078625
25.38773076138093
26.52878926268293
25.968412955203036
40.0517855667442
36.65368797170644
34.17725946288208
35.69589461489194
35.79870808965391
32.61387544828692
34.447089822872954
36.693429047387596
37.01649209549929
32.408225492171034
37.887684132533764
37.14184060342996
33.741008321035245
22.084582633757854
25.120882092954787
28.735640474740773
18.26628192037744
21.553462713980448
20.699022990983046
19.1182633123857
19.45080806271177
19.056880251356343
21.0355389300259
21.145952873046454
21.21165672413434
20.98262176824925
23.355366409183038
22.46299779895595
24.41355831081065
25.57021145016273
25.083374031078662
26.811322775475567
27.03661799829041
26.340128047928708
25.706070212366374
24.418799746244463
25.314194238069604
25.625609486958457
21.761161377357865
20.97921269252006
20.922744419207504
21.36861022363612
19.973916008932854
20.500674159412092
22.32080191487207
23.79284915813499
18.340931991319813
16.83640194729568
16.915087311949016
21.756660512272294
16.47232223497052
16.788926012172542
15.58143045517275
14.749268616764322
15.728200490179262
15.709256723599175
16.420909278739632
17.29086455960986
16.658420972765924
16.027156345788033
16.63960717095232
16.775350360558203
16.844769495276093
17.961069678873884
19.808489401599065
20.02614685965587
20.359714583303255
19.317969355859898
19.736238246418278
20.713548074629102
19.52054460103111
16.90851847764892
15.992310607698416
20.39440911301235
16.32757441856291
19.77023623752905
22.9911017345397
21.129729952801064
22.48191057029201
21.38931571153369
21.542030397699772
22.81079647550234
21.82228071610228
18.84015019592951
15.421482271351417
15.48218898257386
23.648256551948425
41.87602692464075
36.10862662282235
39.55927957545639
39.35946456638102
38.06420847127297
36.47949908135242
40.17160368681916
38.61400523096526
39.086749418055945
38.98678515229898
35.21904939177293
38.246664841334464
33.237889225041435
28.474180771251167
28.887009904856416
31.508219757184175
32.147521608223805
18.885051572893456
20.661233616476924
20.614691444343443
21.84002154547607
20.26042775694635
18.28357240862157
18.758211604680806
20.843011538402088
21.89134557448137
19.930262683061166
23.776815474942214
25.11876886737428
23.623366388180347
21.043944269111552
25.87440892615386
24.913092561896566
23.859329152202466
24.11571303939281
25.63516920697809
25.645725593797213
27.238757380410572
24.68095804271149
24.28596565028458
26.972033130224002
27.922130996006725
25.98586332259413
23.364210200234137
23.324429415939758
23.809361884866565
22.30741548975963
20.95018858915812
19.18737849811533
20.78837666934984
26.696053687506737
26.099887015749072
20.424546261402245
18.098694816954595
18.747246134714054
18.713763113004827
18.409248035614052
17.806466766055877
15.536103544735116
14.95055983849024
15.386303046760235
16.00557456512727
15.727476570749307
17.011021838922023
16.88147817553206
17.841623252042325
20.774366451049413
19.68222132730927
19.805363621242304
22.129242364770267
22.75924862531839
22.993820596620544
21.263616229231992
21.591967444690386
22.002407769910025
18.437376898951513
18.024174140069583
17.386154117160512
16.25576710407912
18.68460878007679
18.840651142096373
21.83096548423719
21.684058246498438
19.421974097631505
21.314419592823878
22.67929208900433
22.473379450120113
23.4733278668461
19.838283386952536
17.47790105540573
17.758369053290075
18.50304430846974
22.14293929631628
20.772432775934547
23.319192530154673
17.50127219722863
16.013615342729715
18.829827226242415
45.24121084099274
37.95854590073629
35.33952408376527
39.06553957826041
41.01961778557395
37.052690960257976
32.9583987523587
35.78729227187023
43.26857701683155
42.94158146239639
44.33932821822619
40.922193395710934
32.576906893668685
34.529106412734116
34.109566206773025
29.89911087953144
28.881599542333277
33.10016712793123
20.026806607674168
18.7285901736008
18.15464113455599
15.981659340361622
15.902721613055423
20.032422335922597
21.265881500849705
21.088217825624394
23.500028039162924
22.587640049300614
22.89612972531833
24.816980915456178
23.605729102747272
22.9806508307331
22.09386103278439
21.03789874938233
20.097039346130742
19.779105841043613
22.352432167127674
21.59648998385622
23.745555986974274
24.49817456061226
27.294458002878393
26.341331720681378
26.55514514257268
24.6449612647853
24.29713509447481
21.597392047540076
21.978504331264467
22.199390199842615
25.945840488613083
26.099241209257986
27.061175600216725
20.78846043933818
22.27717572929035
24.04007644961406
20.426241942831506
17.211264861848456
16.17192306600639
14.901918470216751
11.205659703616252
12.323168319991467
14.590550884794641
15.629151832886551
17.66848083272362
18.063007475946094
19.148972806395484
20.014011301416023
23.00001100131608
23.879006110340477
24.662276985288784
24.435087672486613
22.576409782218217
21.210346849463257
21.838823372704546
21.646619201698496
22.902333514134213
19.99427010951792
19.001027038205923
18.22047192089071
18.113148519860196
20.014217199646122
20.388018378752026
20.517378786383663
23.106331135138365
23.713116730426837
20.449459959343937
19.4990679230894
17.98521598254281
18.625984230100443
20.04743928667892
21.55363217377401
22.16987082639387
16.323577006058247
16.876339004083974
40.485793779371676
33.60159515070838
34.44743256743184
38.30311443911655
38.52438111385343
38.72744500859264
36.44995465393988
40.524162045090485
46.62544070004117
41.2255842789154
40.03959865512449
41.58153623552704
37.5180346053606
36.563141514832175
33.99519129026512
27.568525471429773
26.769373949743485
31.279865694322815
20.559666360645245
19.98777918480901
19.10527137765197
18.904013727249158
19.642490469749543
21.084224023028195
23.21284912697573
23.64732783443943
24.395967618014264
26.996833604767367
27.937880998630355
27.207639430513485
24.91955599428928
22.72935904913345
20.461045494921336
21.36118534004439
21.256199069546962
18.458988365081712
17.54748149372426
21.135180073287934
21.23063529342148
21.253315290597403
19.229101980316933
22.553406881760264
21.34282306676598
21.2064742545414
22.16184120099696
24.74573113709196
23.152158353370574
30.431033908183647
33.024502584613074
30.132070565492874
25.88345718257266
20.072704232392983
18.900989481527517
15.224092423869362
12.910924827490122
12.307253367613304
14.355884239027938
15.74942728183115
17.933083449692795
18.55732448609557
18.070294000947523
19.1948363553622
21.78808256452613
25.534442221761903
25.60495443391391
25.63422427128124
22.82828180475306
23.026852031679088
21.326767299160174
22.734895263100825
21.559360562701126
20.69919509483965
21.554076859844233
18.91740529783155
19.08033461772997
21.405128208027666
23.71755401362286
24.718018031078056
26.263123865530968
22.994445240958292
22.97371288627785
21.36912943905048
20.128824487458274
20.940280862119216
21.856423684350553
22.65212600866454
24.371854901611147
22.27386584978878
20.86778228650277
17.724548684624285
47.0677018530517
39.26187934347924
36.54868208043161
37.61938639513618
39.0804597072112
39.58974315557197
42.273786777905435
41.60185792690321
38.95705389295836
32.78614886957573
37.63545267933062
34.40261229200309
31.900937655939934
30.42014175711836
29.348262512120627
32.070620103678834
31.98931890800534
31.58715987516633
33.270531909362994
23.14012292446452
19.48131195332331
20.412423845712908
21.673073748227267
24.859714437813214
25.299312033460016
23.319713582495933
24.780184023842583
24.94580832711192
26.20538116618709
29.432294307490398
29.471217901793036
28.667411132732898
26.60978935761772
23.349191846646807
21.722276590874717
22.672239678015988
14.670756979947647
19.745854649907326
19.331068165774344
20.836363886969195
20.73129024999243
21.911862518603794
23.370461071926382
24.48057707588223
24.421832754108447
25.485462247017704
25.10705360104221
28.087274228725775
23.178939905476717
26.704780592984953
29.201470952744966
26.99122399073192
21.786395533785917
21.32079295226211
18.163186639181827
15.816206738675382
14.257010968919486
16.54022515802154
17.795499596616907
18.54841677220883
18.361328674452466
18.40340415028732
20.85259391643024
24.22365117813537
27.534532099127684
28.413371868958023
29.295028255438353
26.519007044243107
26.88013950670777
25.36695283989266
23.697585838187866
22.830417679393165
22.507540205875486
23.6209124809257
22.147406705222593
23.632490627219934
25.341608964704335
23.527679650769294
26.68896106672476
25.60107822034023
24.893624205628196
23.738306251283337
17.899016647307594
16.917759423522515
18.53134101426122
18.39823028405873
22.592683277265103
19.7462639905849
41.69876561963768
37.8729706223619
37.36765613138354
32.43683194315191
30.852838827121975
36.16150560859518
36.15137701329713
37.31140084301789
40.45799361688325
36.34609713958679
35.21793924663253
30.549293141723282
28.463982288001603
29.746904639416627
29.291401658474612
26.397747591376586
30.605511601576602
35.151757930842294
35.76534596699727
28.4515953353647
30.582554094123232
28.712694128413577
27.713712091162503
28.51063945106955
29.581731614818395
26.289442250931856
22.519475584053986
21.713635494427812
24.576397822547694
20.890062390189975
20.694964937152932
21.547894982798095
23.4827479455817
20.401249785531665
21.184441928658917
20.79255436860756
21.29287208898911
22.67660937903299
23.255388476258418
23.519766411181198
23.579951004735687
26.64639790445417
29.60853841853881
30.14949306239608
29.45456758565793
26.597538015634807
23.097676549105657
21.85056406446536
20.511076256365794
27.650720523040548
25.722452312130144
19.65561614072482
19.11468695325161
23.181234190499517
25.563923529535952
27.472398085533563
28.191206451343145
24.662140980351097
23.41830014718207
23.661756624166006
25.503342383077975
23.50601712019096
22.887156714318174
22.73993304039548
22.827372707664047
21.831750601559158
20.516604163933703
19.111698887563488
18.823502956203235
21.606896444352504
21.937412302526496
20.985245986698388
20.58385306089876
22.292974745003015
25.86771723286632
26.25677002879733
27.14342633287662
25.631738550697634
27.98305794126916
29.74533467628698
28.485031918991915
28.296482640416595
25.425625582934
22.118411132339286
20.71400360434157
22.929680890968676
24.08751577256529
27.681261320031247
23.37856949816565
21.38345285601943
26.314755658361843
27.119592037924374
25.452735017984132
23.186428972196094
20.20449395438975
16.179154502025664
14.723636797804419
16.891544614963227
20.193307179767636
20.64888706568227
20.168114428280887
19.509211007446094
18.835752020370407
20.573543391765355
43.88004117513105
36.631567118100804
33.38238942093958
33.284816424986644
31.31084728248966
33.561505695681795
35.41469259575146
37.71681677386947
37.31186128325308
35.70978064210749
34.557879576929125
35.390871985660084
31.39090363483916
32.76612647348116
31.354883250394355
30.19841865699891
32.17739388733763
34.96677737579236
35.414235243761816
32.941246986642845
35.81984820143687
27.541161101529703
29.161399206468595
29.85794510090622
29.341497154853936
28.609388462618703
25.578274157526106
25.197298119214317
26.999692570450197
25.643255883890433
26.780226581243596
28.99617090090596
23.87130561397055
23.579943459710595
20.246031275115364
20.255032085015543
22.305197835130077
22.64779746694718
21.357690407157794
23.60811289608177
27.605562932115173
28.191441957987102
26.118630721429586
28.888546297711464
26.984745966096924
24.78031169818726
22.137221375235647
26.470381794347436
25.253021894100304
21.287905279410918
21.56901064225578
28.23789533021984
26.743924025408667
26.387238667531648
22.404450141598137
22.876128335784376
15.98382207456069
17.33833831487421
17.0417158428664
16.783111039057403
20.153940484545924
19.536123005581878
20.7148563997919
22.11223888407446
22.654517332110398
22.09930067905433
22.954020470581238
24.45533809240066
27.603573827104732
29.347039513761082
29.052598037948723
27.349452853289044
24.13064909154252
24.64275833886505
27.36145863322047
26.621891490595107
28.51022730092228
26.164360052194397
22.839115310610932
21.585473032268677
21.720964208559515
28.705567892802783
30.54013644734495
25.32783396321158
24.769353762089263
23.22548444763661
23.462109993172295
21.833631078135625
19.837430027303807
19.885250893258792
17.29743656961931
11.905613829693342
14.259679090255878
17.81941480698312
19.76666105150372
20.59527039900223
17.592102371270197
17.94864531965325
20.212362025609586
45.333405674269265
36.09749775071711
35.30920589361198
31.726443569409863
31.273080200691638
31.476012071497767
35.26935810754945
41.22272166161168
38.591389087697195
39.43818445789548
38.63888679651807
37.05759127162525
33.19715708800933
35.209985548267625
31.660657284392933
31.080345882756063
34.67634069488498
32.24323375590032
31.76916971115272
33.25045515170516
31.279961998544774
29.89842755951976
30.142443988385814
27.821120420078625
29.56333716805612
31.119610400975013
30.263090229977617
28.741224668854297
26.74894272501822
29.679152702491816
31.52686527283957
28.336346594351962
31.144659966747835
24.19982760407179
21.284774743870425
24.12781564386696
24.6659096313084
22.341795327354916
25.533572835846545
26.218840246751995
25.43021903665884
26.908203505250814
28.307666619304825
26.948870998133604
26.031884138380732
24.07265922399832
23.708624715019788
22.651712102519813
22.20772744803703
21.563809584804318
26.374110116817864
26.959961294003783
27.876063027921425
22.073487034060317
22.58822533756915
23.102309370854563
22.57204515375586
18.659119594271854
19.94463260666243
19.988291285081587
21.752758555281652
17.51271066773956
19.072094252240774
23.326173433265616
21.04521939238979
20.193867376619128
20.7902778550073
20.303459242467696
23.580056489351257
23.5545989414398
24.16758387573721
26.73970896502219
28.27139189727908
26.633336908149186
25.812027331867437
25.942291695812106
23.898116839842476
24.234557605327335
27.672604755051026
27.55439376854775
26.215501086814047
25.864160890431176
22.472361396141594
21.624346534617814
21.699963942095433
23.55844182206331
25.289487028516334
25.90611792309736
24.38762251647723
23.634142240375652
25.077216485193667
23.771574540661256
22.396596866555317
22.56484069352179
21.14581000872549
17.14444266005522
16.483419392458135
16.998346076603845
17.71958249698144
18.485229584275253
19.247217156925405
20.800644302413083
21.368618131388978
19.411130571233734
17.666446972271288
21.936344403738833
22.332177660131784
21.553021460542773
21.543155517341724
45.0616867826268
39.33788633546821
34.6141536678883
34.7036536945524
31.783301662945455
30.887677175155407
35.309292661051444
36.5988752513714
37.05255215986194
37.71879018334468
36.95307462882743
35.96680319801395
35.01328586548036
32.54236446323754
30.466416930559504
30.156584497626035
31.026310513446873
35.0668333078245
30.170655154242436
29.838585164825872
27.390817520974945
29.251707710942426
30.072378347084626
33.781359623115975
37.06930886097556
30.54870899457473
27.87348106729829
29.79856425635033
28.453940125130245
27.29023468437437
27.661769414912932
26.521377066349793
28.857033246749797
32.66665476471632
27.445023853307656
27.839249157339427
27.832685988887413
29.45164102481999
29.102181091526923
28.665084029088977
28.04639883106243
29.802101678021916
31.36016869057563
31.147470196313517
31.153742650276406
29.538628257318603
30.589229112948633
29.13882210527156
27.86020690480189
25.767727304791922
22.470974419382344
22.630678797284958
21.17306707911196
21.391914795048333
24.243287886989684
24.65915046067331
28.094738801436982
26.040674754936866
29.58689523968094
26.856725187131605
29.102100089682875
21.448160146389665
21.686130475354812
21.304120313153845
19.536945840037742
18.077683894981185
18.00235033011593
21.759031179509552
18.936473606362977
18.858066178151546
22.726385506674667
20.9069109397535
17.601196085595703
17.466467155225853
22.051734524987197
21.726900209483745
22.743851873453128
24.514772767636654
22.630828876212387
23.878711296039285
25.224196899124372
23.931524691654257
25.664522098168515
27.2374039013047
25.37706091359318
24.926340368153515
24.98312559245687
24.25403950794468
25.452708077016474
23.777278136079662
23.65426520215577
20.80045040513093
24.67355129163531
24.934168725503174
25.573770250137112
28.676720416820014
26.150172932104123
26.008019287688587
25.326628863573177
25.77126092190246
24.0803453636706
22.264539227821395
19.90374938577335
17.160105987066146
15.37208094455686
17.411075042923468
17.92827292722566
19.40835243706761
18.591953198637192
16.867675813484922
15.076893020177721
16.04046923506428
19.037286321433893
16.999475604203433
17.222437421793586
20.58919378489836
21.232536279945176
21.781468405539776
41.70371359166237
40.724972752770924
39.823724417065954
35.97359878241561
33.09034409230738
31.873293058238556
33.222834210731385
33.006539894009634
31.65316981107329
34.09730340037773
35.53504363194071
34.75900040484075
33.25495744634807
31.140127306714525
28.90835026614073
31.100307708985877
32.83463172420542
33.49331968289914
33.982836393671356
34.28540268425618
31.57855992761712
33.76834801052147
33.04997124631344
31.39217210245753
31.543160802231302
26.548191657598924
26.403882620464948
27.971715989217373
25.669323157010577
25.941541368253173
30.315931868815557
24.329290245696168
25.114890574881876
28.15446604633494
34.108727702214075
30.416930378635875
32.50733586216796
34.86201791161016
32.566659319969375
31.188110225005136
29.765170031205646
28.413055183011483
32.088799712062055
32.02605029043096
34.971965127390234
31.06586023525668
30.685309607684122
29.849993394586196
29.724340787603012
29.634185510990225
28.40574671907415
23.494485693096774
24.501157847702945
24.211992291841074
23.746883525465233
22.09391109508183
28.33316424400373
27.609232187562128
27.026328669129853
27.226974975300745
22.08996290112946
20.76615860600522
21.89221046929629
18.366468216223037
17.45053589892673
18.47622147953151
21.148914440542363
20.492230839021303
21.498340081831106
22.203826062261655
21.92732017921806
21.283384351638016
20.44090457605729
19.296327649687647
18.831323653894025
20.566182283589473
20.785391668522625
21.92378423903576
23.44534027795023
23.62309070417394
25.47305866631541
26.864988311819076
25.65782863646158
22.95279095174884
23.466604032773922
24.79479952906484
24.596591809513118
25.640214785637255
26.520579099125587
25.435118456912562
27.074184172413815
26.595488170900204
27.359832621812686
27.06420188531664
26.39466609276248
23.548014729716847
27.00398403428463
26.62239234236424
25.219184112790323
21.24653346170503
16.651754163586443
17.99716213893105
17.85724024774472
17.586240385917574
17.024044827674032
17.564018227304864
18.596166434189914
16.451679263494622
17.07749723819601
16.97924512126278
18.208897459126554
14.894539821483848
22.413191738450397
22.03600135636523
20.62131621776298
41.62597359032722
42.3572563215954
39.92990551015885
37.557082341508405
34.179705512211804
35.454651097917626
32.62825944209827
31.39056887368401
32.26774147437617
32.43019633238243
32.5552108299694
33.41175859333733
32.26010045081394
30.986577580576817
29.369288299878907
29.578338211111983
30.300073597940923
33.105775326762654
33.43504151032743
32.34307981132001
34.279189808091985
30.6884924285378
29.571544698974844
30.539764003623343
24.773692446744946
23.614919047990945
22.67012419200721
24.7891887046702
28.30101738381976
30.586729503628636
28.002346204783844
27.481726961728498
24.05973490308626
23.620547361357495
25.28996545245437
32.117655308584986
31.99281574686095
28.371481170939248
28.339780482957178
32.384018090908846
31.395147873715075
30.831854786816837
33.78360985831188
33.15196230857862
33.88973408031189
30.47238116858018
29.55363485614687
29.115187725837927
28.05685048576516
27.787952177620923
27.420080926251963
31.06915146171346
33.08355586100631
23.48310149298807
31.12984758914386
30.48032345622019
28.813862877194286
27.803414079037708
27.02878420835272
25.99778965662803
23.82464589863047
24.141532403108634
25.453480544397966
25.15633037177155
26.908929335913008
27.630947583388565
22.610418568332797
23.028863226911024
19.95628364966252
22.80938915457396
20.3642745485296
18.313326840336153
21.014845781459623
27.747573524199662
22.249318169203345
21.792617686599083
17.63499173234328
21.865394877281343
24.04978661022837
22.8074399019212
24.974285241478857
28.962274971757495
29.432572595661586
26.059176618527175
25.305915323507104
26.725349895942205
25.507701130510373
23.057212089776172
23.77539004222869
27.005263939569428
29.677474777250534
28.140975102685577
26.701506748285656
27.338464181313366
26.954842765068943
27.852714657209617
27.254857476999213
22.884420352879815
21.386286012810384
21.016793470108322
19.338721960168176
21.28685944044325
17.436455628206552
20.00164239258596
19.969963429293745
19.59250132730444
18.1520502830323
17.09738433837617
15.06454646020235
16.902735169550105
18.158313654674306
17.126160833740805
23.454603909318646
20.070698058500867
41.78860806565593
41.49335478510263
50.5711985735453
45.65042408641187
44.73451548100147
43.14599874158418
40.821020797911906
37.55332254471518
33.454866015660855
26.901880151596348
27.31200391453109
30.680777880601813
31.094951776781063
29.773637551430163
32.598502751366446
32.05499904242662
30.053335272804997
30.35760942242057
29.723540440465726
30.768239572170206
30.265885012181435
32.42523982732957
31.94304670094025
31.599465618652914
32.464627589179216
33.75351219807952
25.49392331352945
24.104855176783538
26.868617521832174
26.19107289740828
26.467388663170077
27.32725726853395
28.73081294121202
27.148401671105745
26.9634918955926
28.029726235301435
28.0059354671453
28.192839215102072
27.304477305596418
25.666369518745125
26.344876197517607
26.955442239582283
30.497105753230255
30.774734989585493
33.18772594842931
31.702975182459795
33.92250879450812
31.197012007665467
28.743352166457683
29.377259743186897
27.82113457561925
31.50105345096568
29.895543333398834
29.86539444620169
26.39897470367654
28.961103387971487
28.880651939365162
30.31408711846933
31.64221554928679
32.0352629506661
29.00542186448676
30.13305905786416
27.01754745690446
25.728316624208407
24.796940413753337
21.195955107227217
23.15990382831722
22.959544956316147
23.74158932013212
24.710332476583673
27.03392365404165
21.036313042025583
20.01770172595777
20.142384821442846
17.748364547617207
17.667057168916028
21.153707783200343
22.669604672885445
22.195842183740314
22.379632293520057
22.16424924633727
24.587980468451057
20.623677199141138
23.129093440575737
28.798820601496246
31.129179782056518
27.290807918481043
26.083329245555465
29.39470520030862
25.633151639265062
28.284066886103773
28.33977186565783
29.205088243617976
29.556209643473196
30.4977725354785
26.78371921685213
25.36362293026849
28.053857675699206
27.588616331842427
27.804940424287942
27.968124432616197
27.89695493234267
27.28816989924951
19.890490198845992
18.20467585835279
16.143715048076068
13.003747250922652
13.80957600593955
13.9088894787049
13.346782706663138
20.72541747064482
15.063874576569479
44.08028837800317
43.175852384580104
40.47925973328872
47.415479702885456
48.681561492559
43.88785200316956
43.38898920385512
45.89074787046537
43.58639555158826
42.91410968470379
39.91556481489889
35.41139492331741
35.83302280643187
35.11959002132996
30.077152273460722
29.330280998901262
29.799293532028404
32.74963367649634
35.80689562954602
35.86550813104742
32.45336821812538
30.646790360170897
27.16843177437254
28.77133895164518
31.027401991964105
29.951714669138543
31.398068737733603
30.147739805531536
27.809168795855634
29.087764433987513
28.83634266488642
27.610917274817197
28.01639700486884
28.28182683288923
27.379546564061666
27.1518789180238
25.989279925028562
28.45600971494971
27.811837668673697
25.470267826938503
25.14232335338537
24.70498223882575
27.611492693124312
28.182002449705422
29.487849877248703
27.84224661526135
28.75576097573429
25.84161192171487
26.59882562132479
25.887797208360364
28.089514644464803
32.13531877319069
35.14625748824633
33.77095358968716
32.190212891913774
32.31889349586414
31.09721082560488
30.73899358081062
28.69897964662064
30.365199832986693
31.870947420150184
32.36679090481114
30.282617124984007
28.288591461806988
28.61151163265934
29.13440368350801
29.78713957524966
28.558612711596272
25.328007609680256
26.097348952423832
17.870763876811502
20.556266255356682
20.229322437313634
17.43859122981196
21.899669927133207
22.75924334273849
21.281461105454525
15.633279869074466
14.354815364883383
16.55088972372326
17.48177702584339
23.12123482011411
22.88426258037555
23.54932011515251
22.995380967155413
19.827760440694597
24.21254000079505
28.70661079173004
29.98085183779308
29.808520551769593
28.205178671383212
26.369594440819295
25.62994884582177
26.756427743967595
25.509643400155426
25.86523371876679
28.074619740571606
31.085846036362362
25.955219648847226
30.985769116742013
24.897749412218655
25.194222108996982
32.005457203095645
27.513345749943362
28.350943158972196
26.262176290178253
27.413648096472023
9.42523250149485
41.50298075188364
41.62588415729531
39.22316714140267
48.68935251209602
44.35932877402326
40.95534116287424
42.24005140627891
43.927845813582366
45.07484723786385
45.95077975702036
42.74039552457229
39.425266948055736
40.622152182568115
39.12086474109864
32.50876368502992
28.571870796929275
30.13786577001481
34.139406816539605
35.651490975465684
36.40002352492431
34.587796342197386
29.896799568859297
30.23915072031935
25.804491195002047
26.216049270282948
29.244479664258016
31.863344022516728
29.556502909663653
30.218339195068914
29.437123583189194
26.589126620724635
26.74556251895482
26.950725791557602
28.492126108864465
28.285291631072834
24.903259272951626
24.140085268786247
26.034550042961317
28.694050208784482
26.670721640734964
29.57901645439458
34.137260504424965
38.179947055553384
34.93018738071674
37.923530173794354
36.507480415286665
29.780463805044025
29.751388245304565
29.693047631582207
34.921417153743434
35.571106372947966
35.435743236679755
35.70666049200576
28.119030085374614
25.946505872127467
32.613284879065525
34.731984590073424
34.86542509579653
32.94225240683546
28.649693093299977
30.53598013457845
35.43833147261043
34.96837325500354
31.125691494089217
29.110425104246335
27.6653142458921
30.182365879627643
29.966152748079608
24.547539849434997
22.540386007413776
17.765655631404567
17.038580204021645
11.909837160828356
17.74557858440602
19.465153993551187
21.04060750630599
19.37799197481923
19.16538399257096
22.04750539380875
26.453954060109723
23.044216442005425
26.92974642393669
29.257695008541024
25.65714825932989
21.036756226520822
18.729805456346682
22.169535431491447
26.200358412694968
29.04861786804427
26.140070395116126
30.15128877029312
30.449508114579462
22.35141365566763
29.766909914325606
29.280388853139517
28.861403095539252
24.857825691689914
23.449527154949056
9.687831131530526
8.914232377706584
48.756530322981355
44.33023951029446
42.37244994746241
45.694714333178446
45.668703595871364
45.14966104800665
46.835945397667466
43.07178041185616
41.23224408690912
39.52754503647824
41.08527321955473
39.22996752854948
36.85132246974718
35.58273387087038
37.134273786999586
35.53239143539359
34.93106262382968
35.304433012222816
35.4920480305097
30.57606711517174
27.079867640052917
27.69341099829938
28.536256104520184
32.24010873900297
30.897657006500538
31.106222778628425
27.90690977746733
27.79918205560528
28.289058460263245
31.76924504095667
31.021272711752783
30.037826476664574
27.706229529562666
27.372399770353322
30.126131250190184
28.272369886175184
32.13309976577671
33.04473267971548
34.62097269527594
32.97202191910846
41.30214031280974
40.76294076070723
35.0817879715763
30.358733262279472
35.88691953740074
33.120338706621226
37.3757636702768
35.899443022769724
35.639448850285696
33.11166233048079
34.33743370610571
36.61453928175156
36.249267848906264
35.76718025171549
37.60506044206978
36.4651060950902
35.82667007452078
34.84642492219234
37.133575296307434
35.56828946227317
35.364520532708774
30.05061762053334
27.0999872573648
30.399986006514172
27.691084980867608
21.265623761776535
17.464143345812097
25.784383634397322
23.574587375069406
21.841256308142196
15.728655608967394
16.87574846091429
17.51327313863206
21.8621198806817
20.507519251165103
21.576312730069134
21.145297762920823
22.836015110677476
22.344832203922415
26.253094601612826
20.25249315196476
25.94727428771988
27.760573396436815
32.9494398572589
32.08440759087817
33.460223299002934
30.88682737748688
28.933850913656748
26.85185047578114
31.431924691113515
24.783541936570774
28.898725451683045
12.554947509850344
10.851096894650915
47.11214165039087
41.6984378877618
41.04000644268053
42.03550798971796
42.67705500255895
42.08448143086032
42.61780214094582
44.08524132286958
42.55287954349422
39.50592823145663
40.18026254141816
35.631337358941536
34.43512115216468
30.750429043730588
31.05141115910632
29.05233447947213
28.545236869695206
26.87489641894266
26.166975086058482
27.471984049692633
30.207358702724015
30.56508451416582
28.978141354555373
30.205264781084058
33.185487121255946
30.93029881970046
31.047736856238394
31.419395460705406
31.301435855987243
30.8427581071882
31.299291428068926
29.998431045000384
32.72741957302908
32.582888949583584
34.00153772296918
35.705135175144285
37.432074260052815
37.935650207634644
33.758357544311366
35.38550245049887
30.379403806317274
35.242477783732625
37.48374923973847
37.00352451682249
35.31749222208032
34.24044567610716
35.117690905107885
35.56495759185267
36.731445785025386
37.372478659815854
40.826463128833616
38.104478700734354
37.07167750656018
34.966895438248436
32.25861114466905
33.14397566263098
36.3678089750552
33.150532773482446
33.53512927468739
32.16085888376101
27.934042044618955
20.323098899306103
27.491609821840367
30.741813904330897
27.270581988979984
19.368726754254887
16.316562886490633
15.974429291553774
18.037674088990983
23.205254941088555
22.487355611530774
21.477855404866084
21.782966395870215
22.68322084323635
19.303114457740158
23.003641408765283
26.17924961128473
21.27503477657475
26.148783552535264
33.649469731193
32.25634715020253
29.18564226773986
28.867353358832514
27.514690450504563
32.3701773883555
31.050588860398317
30.700985772590197
26.852898386835324
47.47904208321064
45.65189915632573
41.535690198878015
40.32350339837483
39.888165978203055
42.43964642382057
41.61732567068161
43.10116333530375
43.66526965724213
42.234914310156256
40.33177622362065
40.67166794231253
38.83383734041782
32.73612130334116
32.274970993714284
30.227395184146257
31.30673406283535
28.323112210977065
26.10749953405278
26.520987632576254
26.72529747572154
27.543803726054314
27.34281473188234
30.838705388737555
35.87862891836042
28.96200507071918
28.53123819258838
26.854016237556433
26.762681883160308
27.58426640644713
29.56535857812089
32.34896257089966
30.569954112635028
31.683369087864886
28.13531705031847
30.719253099235782
32.94567919891962
36.59248261767246
36.05838890769356
38.00603828370726
36.434957720553925
36.54076858029229
40.00051487248784
43.127468178100614
44.99677241346143
46.9188576685477
40.61953650421947
40.232236122504816
36.50300972877912
35.56930517339863
35.84044863783583
36.44667482184636
34.93940263507856
31.949477033856123
27.031471288189508
26.965786873750456
21.1568149781188
19.262030619534265
35.290381269429254
27.707038286411912
23.08959700034345
19.136366110062593
17.94428288469593
20.947901752631008
22.151084101202105
23.002569708319246
26.115059197397052
25.13423071355555
22.701355119571556
25.54739213309975
22.766666846521527
24.901438289774813
24.32201587007903
25.679360619832376
29.501421670928373
29.996569646680733
29.559754506190952
28.298457980882628
31.73609786544421
31.893905461835264
29.435437701377285
26.72023304762
32.73607818757526
31.07759360510776
48.988283606984446
48.415117751284754
46.95134168695769
42.02885908202541
41.44530307077929
40.360958030223955
44.40129640205381
44.58722235370786
43.90541866599383
44.05299882453458
43.9872964892339
43.42163953118206
42.0360827691888
38.528324801361364
34.99874847882276
31.90131666524114
31.301049128076258
30.27126082990573
29.523680870955626
26.712412057920076
25.668861368338497
25.56448137240884
25.763670833764323
24.42879460587382
25.30633290162003
31.19479973717777
31.778291346658172
28.652194620033672
28.03725608300915
26.67016113463581
29.31531824770709
29.881663441253853
30.45877309813513
29.826994525802707
33.654301671260235
31.433066204226563
31.280148943635805
31.459749441399275
34.9953851581529
33.71265321055191
34.93403398993548
34.686651353727854
39.216920164371786
36.16139816607056
37.54452192723924
41.71463741372788
37.798064619092365
40.28017517926748
38.9735467650633
39.211690222319675
36.20951669163922
33.73310816589838
35.55290863505533
35.540829629539786
34.38540477742
29.261243247316386
26.612107510209412
25.04582323373702
37.153587994045594
30.74053394274164
20.564930860525678
19.470854519233573
19.50047594236378
23.192660238324372
23.681021752262804
27.096877765807506
25.269786609319475
23.279732144260993
24.757484119609313
23.58495634581534
21.486852380642514
21.40088835714841
25.671090072348598
27.2206510888457
26.582031287221223
26.695527714222923
42.476597779790666
41.09219352477925
42.85151954959732
46.19276006110491
47.53463942611407
45.795204147558074
45.07599396572162
43.7185742565379
45.12798213565773
45.05309329671493
43.105914054899166
43.18122534577558
42.07871539171944
41.177515460253254
40.36007337134403
40.596697469400574
39.59565059242975
38.812388562866666
41.00196712629475
39.8531678804462
39.80795803093475
38.3043303699813
37.41053233307773
32.46431205207626
31.19100866239065
31.43428071436694
28.245710277723067
24.906866623215368
27.010198695059078
26.766097798853462
25.093623170637997
25.523581155507404
27.22953917516927
30.1528943719682
31.82375253074819
31.012239629634198
32.73507721159557
33.618397327254655
31.883379155333678
32.531345097098026
33.336943648262505
33.42540470110078
32.53369717426634
33.6424307557471
35.212598732855895
31.054627775619387
31.92072363719352
35.7438422233264
33.09815168190473
34.07140420266942
34.60385955627345
34.507095865407514
39.82183647188366
34.92908390083155
38.36994605779115
38.19878331128424
34.84424190318297
33.69307979518921
31.437607586809577
35.794472733358816
32.10964665093867
32.71076995084773
30.287574929750807
27.580953128591315
30.355993797735106
26.719303721339468
23.46496161835653
21.429818804005695
20.616569619965
24.80490424021659
22.613593407519975
24.43693401671239
22.596353893236927
27.778775858564313
28.05058354944354
24.01564573277604
20.215667454339798
24.35909843162106
20.527704742839106
19.715394560716952
27.922648705401187
42.811334361067686
44.78765115146587
47.0531951792009
47.501955542893064
44.32705124275851
45.47644943719014
47.41707401270158
47.22439655403125
44.92231041306212
44.79244005740617
43.947406526291424
43.80036333318542
40.29656197046666
36.75848037066688
37.10869470114546
38.02585346695657
38.15732215096843
38.58555141358693
38.51544807007081
39.45143091015939
39.39309543229711
40.01667122593936
37.86738447889949
36.99712771497062
34.66666011102006
34.46566315259191
32.048605242930115
31.325512618196004
30.37940413453057
26.95252422913522
27.838977068818398
28.314411011379484
28.04484292441877
30.776657097102113
33.671902600340935
34.098418562328575
35.41084243860848
32.342419214127325
30.750650052770723
31.933266904922014
31.87424269218255
32.876590759839885
35.906234645686084
39.0238375945265
36.44704508955972
37.6252724581779
37.612174891539
38.05825609795806
35.74003638103216
35.78353954536864
34.76616475631166
32.192331014978336
31.888088365240872
26.642735120987716
31.05435650164907
33.68749489083373
33.04425036128407
28.22450876032479
27.84540481477707
27.077269661679033
31.156254639030493
32.996608094801026
36.584325923344984
35.27043525942593
31.48934179066213
30.2548668922825
31.237026733768325
18.74145506719123
22.947861068420288
26.47551193769683
21.73804689616124
21.602331526985378
19.87775470825923
23.382472513096115
27.600865614112884
30.569789733054325
28.063001088314326
20.73985997158832
20.80693099122491
24.68684708837164
24.873220700459534
28.242144837151898
28.07850080390957
28.534637345851436
29.839631788988
27.677131201388633
46.94317438503975
45.646057712585154
46.1043076881692
46.420990082848576
47.18541083706501
46.31438759485517
46.14229099942433
46.24193039928647
45.369103300431945
41.70450370446142
33.73401555335317
35.52507995256436
37.6830636444737
37.92295018686089
39.74294268679511
39.64897989050805
38.682024961335145
38.64440389400507
39.18413006974416
38.34225270131604
37.775969370436925
36.2280898251026
35.74837400544201
35.55262168075506
35.434471232559645
32.13340255510643
31.22654679401052
28.553094671745995
30.691348438623628
31.42330433815354
33.778858194309635
34.40673292802715
34.5456178863353
34.90780828236264
34.74945683586028
32.03306319341908
30.679620600862634
30.06966018539615
32.20659551903601
35.06808538470474
35.797964564761244
38.106447510411705
38.57875734537663
35.47261196941279
36.84462451017946
35.30398255603858
35.67475331112695
37.433358041059996
38.267569950594904
36.19225796133916
37.40022283810732
31.815691350858142
29.181071480055575
28.393012499560022
24.49826901135136
26.66961798307124
34.25453565671704
36.382237275884684
35.715915473189774
33.83121089327097
32.13826990982986
24.75713911290064
29.222189322750342
22.12554977195434
20.33481554888095
17.24751715569123
22.153740653217472
18.948693663779384
25.680170039228177
26.68613648246133
29.682905041410844
23.544229522571925
25.495209383922088
28.59965649088269
29.955840974125728
32.954701908877716
39.32259147618781
35.90662560836907
35.518871089714466
26.24784031395606
27.916231154160222
27.883176845288
46.197450381390375
45.229639486479535
45.50682590880016
48.70085498671065
47.16800355219274
47.40361762130126
47.89286395668142
46.97811968961047
44.71898757765757
43.93954049612608
37.67927072295566
32.0720233573969
34.0907233728304
36.55555315835252
37.16834499418278
40.041945552080385
40.37968551479428
38.574954691590776
37.821250132345185
37.905000077885326
37.28376979717857
37.43396791413562
36.29600059097318
35.65928936023462
37.5465072932423
36.19512417585574
35.579711733018826
32.54670897728902
32.346506528043626
33.76846008516008
35.79795305821123
35.359077463783024
36.386500600113386
35.6841480676143
35.758776404600724
33.63681788493657
32.231225867346424
30.49876354617678
29.32587771942967
31.552643085533138
37.11829171449841
40.337407790954686
43.875257395025564
41.20261199108761
36.547785936941146
34.45090175315528
40.56833394491917
38.87476691975324
37.32481289862524
29.817943300629235
25.2392321728477
24.46638389845169
26.986893670674394
29.320755333133555
31.745532271650877
35.08946359468708
34.04204474584491
36.257671988217126
36.89699499638042
27.021965342600623
24.727921281613202
30.74308990640787
20.298659697882062
17.462155236590146
15.308571276310829
22.125717445476642
20.667766749636183
21.027218901464888
17.171848638327088
22.551528600784
29.02327382106466
32.27614129365029
34.16667410957334
32.34589098126621
32.90220021931293
32.483874440215644
35.03243447887626
39.18623440644104
40.11613232072531
37.235422897854015
33.3823422467405
33.088289596209975
34.10201789820626
29.573406545351563
26.59445749769088
44.91072006250173
42.28870297869011
45.647620889934075
50.326889331441166
47.6292138400356
47.579945217527815
47.550904899533876
46.146707690851734
45.878878658485256
41.4133678895032
37.79001600532513
38.19978136990061
37.159426529381
36.99087699666246
37.11091898736583
41.51499833557904
41.068786267516565
39.15657260339779
40.10196005246152
38.071236279555336
38.679843817883246
37.496363669016155
36.86463808194002
38.650239447006385
37.70917315539653
37.0804817352154
35.08697532167456
33.8174908718654
35.2914487935117
34.75494582184708
36.20232778858759
36.0070178786621
37.6076833888992
34.1371416334775
31.330632234156333
30.734689417464036
32.83147442816927
32.66094918892767
30.888767465067907
34.80602276396359
43.8227037243498
38.849876732243345
39.32592070702871
43.13169055757503
39.2297930075699
35.49961017080345
35.08612835034328
31.61454970198689
33.048859820912455
31.88541488562731
31.919308135637483
32.55518923207648
39.09576830710905
39.05358802642207
37.92818669039915
31.939176147548167
23.58608366708811
21.567033951871753
19.724605516158068
20.319000177463685
23.69241426961655
29.80714733465587
35.78986510874451
36.63023817050227
37.7531656936221
33.572588173797946
34.840388136290045
37.14670719641598
41.19233432709645
38.57447106392471
38.060803482831616
39.06911505222407
34.326118898131284
30.045119565824045
27.10626599562118
43.963795544803304
42.96842289178465
46.30691306981628
49.257217431159184
47.29543914200923
47.670880537702956
46.176599803155916
43.38671101470472
38.30399722431665
35.46978816674737
39.77059377838247
39.74522511056543
41.525372382883056
42.73773803617495
43.021174343458014
42.694085465533675
40.195919104603895
38.70628574340505
39.584516294707825
39.18180482806674
37.322666744328785
36.85036673113899
36.12240200485877
38.42616627219616
38.69048425601343
36.728165432237404
37.86435226677579
36.18934751758117
35.285076492035074
36.01672234009454
34.99487372189318
35.4544181594859
32.16908073672971
29.93553620506067
31.7650416636397
32.847997038739614
32.177698308756014
34.66010189741119
40.888859606373344
37.07532070513105
34.25468026872805
34.477437578504315
36.062475749242665
36.900202206827416
41.78770514428575
40.117595082215104
36.23468281137602
34.566826171541365
35.813190160317404
38.77235533062162
34.83937394299888
20.852447464302855
18.56122440446874
19.360102707491556
18.271947586504933
16.00692654448161
33.1253185409597
39.64596016998718
37.51380787991996
39.75735768080778
40.15151963251769
36.53775379233949
38.28161809757286
40.013533375786935
33.70540231136773
32.47697132677351
34.18969152228443
35.40457217901364
35.5502450753838
35.816381265094186
37.0265405681407
34.01441563640331
30.42802108999168
29.432326844264157
26.749494800859033
42.386609455195966
42.26956654868184
36.19325356090294
43.538426265137254
46.02609598876392
47.366947471082504
44.96687454172941
43.836751101813384
42.684549608564886
41.18607435336653
42.114715924370856
44.81653610154188
45.81184854387038
44.26534000454602
42.39157049850364
41.56949543857484
38.023607190326445
38.50159466316831
39.06205018677138
40.369211685262194
36.74779540582881
38.910811306546194
39.718769114504205
38.44142352305824
36.60449292996908
34.487113987532986
32.34502134229402
36.49738361978397
36.93651526369383
36.625302852259054
36.019317785278595
34.69415535238718
24.634934301122406
20.969173519115557
26.682245348631813
34.80963983834773
33.951718236789844
36.96094206822187
35.653073437891805
32.387305066729056
31.004058456057802
30.781797783753927
35.43245697821869
36.769875639332696
39.33902439463256
38.48174789914304
36.96386343945779
30.348775814078074
33.905798386291366
33.64065672511659
29.726428328772858
38.68967560680008
20.89288098096423
21.04733687878363
16.83686615733448
18.996907633070425
35.86926875959578
36.8737873907262
31.361886385218483
36.35809349629308
37.24354742059808
33.921191279109046
35.01877994488171
36.47591681659536
33.48722788083283
30.855159385668514
32.40090082031346
33.34363505526666
27.950280858132967
27.906173098226965
35.50859690868054
30.325431050669785
26.678473141833884
28.923906418007313
26.470274558263423
43.49013176043928
43.078171533575826
43.956244862130674
43.618991056849
47.91518512824992
47.742417394049845
47.16338182126911
46.77220349127696
45.520851027587454
43.772040436182664
37.851735559385965
39.97575545212971
44.767752361378456
45.371475890093485
42.41798015218709
40.43679235351104
39.37807056672663
39.511462114842594
40.807308800010695
41.29249805860673
41.78887428478199
40.9726759296557
42.35627673235809
39.69342749291231
35.03898017624587
33.448502016962316
30.931914828313342
33.77839012129451
34.29334010022677
36.58646872355185
35.720905963239915
33.3912103653387
26.939320297546647
24.05949914048568
27.60349024005364
31.60042034901509
37.560981713115744
35.02418884253223
34.91173270980276
39.07768543383551
36.813869371406525
40.90429835249529
39.99174697554846
39.53353071757375
35.68699559493813
31.98475266026557
30.160456151173353
30.99371861786575
33.93124283934657
36.08311195392347
26.65073108326003
24.762792708445428
21.76021647413695
21.90411044320523
21.265360439766976
18.908623445365915
20.859050827466522
20.220339334992744
25.64849785493802
30.285399631527707
33.8147738497023
33.70857271489162
35.601130729028505
37.57714228420509
33.188523230307396
33.51151682737256
33.25961816837984
32.12591458297164
30.470513310790462
30.177868319337993
28.538574469687163
31.247589407918415
27.285693915729915
25.4125815744457
31.679537949448363
29.933041444431097
25.376392150201635
27.23721672167189
39.6105121017248
41.20171208685046
42.32111646631639
42.25468704526178
46.82170333512332
47.73814966336314
46.79559364201744
47.48013893021073
44.08701977636056
45.364774603516416
41.635396293832784
40.37567384363868
43.40733702614119
44.7618326006342
41.970250473964775
40.625264383977985
37.91137570746458
36.466818694451064
41.217007466690575
44.71635141875396
43.56305693628093
40.874321945045665
40.466889935259616
36.0984833541762
35.03374157658874
31.35913561946794
31.233149593481777
31.694154059480795
34.069740161388594
32.17645842321403
33.30298003794932
34.1671270455307
32.084001845451766
27.3925529448726
29.071398303721235
30.735536182005653
34.45771766212838
34.49080649635479
34.074267759116715
34.01065094121186
35.48266989563509
33.27252810402587
36.54776275252333
39.51416387699536
38.57753098369207
25.218209954915014
20.89554213082001
20.221152951336972
15.650390295708322
18.88674880610361
17.049732980646652
19.459841595698833
21.408519014365975
24.68345074470114
25.63383971330935
28.048798577912606
28.959575599966108
34.57660219122774
35.973487357647116
32.46591783519021
30.901423642994374
31.71183386064141
33.15589622214311
35.1642404877724
36.68077087469462
27.450803482021595
31.