31.214068858627847
27.98414888362911
32.19447746481591
32.257596533375754
29.9946732075139
27.564885604139302
21.840111188815204
33.471746083355576
32.08462073458588
29.654083765154464
28.37163501333319
34.216646216828146
32.92702054145265
31.856755970737943
29.231371390375262
28.17057061724409
29.75962980077284
25.55835591711498
35.66733783270692
33.31551145217209
37.66064952189549
33.891646132701524
30.61881973103821
22.140028048985243
31.036606065321028
31.417803515755534
30.734298838031528
37.209570022296774
39.02738171726063
33.741127385022295
26.317529911565533
23.076433473829724
29.418605328984366
18.60129161042842
32.16650646131968
33.132320687282764
29.24273217290194
32.14218754142289
36.77781543529681
33.06850187242095
29.210970935425053
21.67144729892809
32.13187274545432
20.76122126411798
21.357417584371305
21.634864810285034
30.987185054974344
31.05112628471844
28.310687273331727
34.55700337158653
33.76925058888494
20.151945514990782
21.355633311228484
31.528538071324185
29.226791269118376
30.19732489930871
35.144615642419474
20.91837382886141
20.260207587643578
32.16532459840713
25.75459999024452
25.8238029325597
26.46528521956779
19.72616965542417
27.014738777341783
21.87099173261922
21.844551517248274
21.527576894936683
23.77904716137343
24.2116995227061
22.95808211840803
22.34317190483132
21.836883469883144
22.525972231085202
22.93541844444275
40.475669171929525
38.22700932023614
22.544053163068327
23.7310902873871
23.623831006734434
20.21945908560521
21.529561956388005
40.376525734913386
39.763631054859324
37.38315353094469
37.82206132562144
25.58222640683135
29.09130189574124
31.29896281801004
40.5534896913136
40.36167918707701
40.21890833416326
44.61647512068814
29.324350405220404
30.097597351831734
29.55683696254481
32.55342633897005
40.239461425951845
40.354330666430286
40.28917954065737
46.53152414901528
31.584378440163395
31.732878406382106
31.97513924643069
34.990077041465696
40.49649747209065
37.7812220686093
42.749165033106486
48.74515299736791
40.841479948860695
41.60026354553975
43.133189508642296
46.23375387283417
34.98600240300058
35.38969785608124
34.64429700259842
38.794279738381846
39.90464032215218
38.67209395435523
38.38280315494648
37.9805341661868
37.982706976382495
41.39668773053946
42.174327136303326
30.610489613887164
44.14539275899363
43.042943233509085
41.845761391199446
40.40362045740604
40.67914760289163
41.46952978910198
40.294206085803836
38.903317270820835
40.07755522367588
41.32278619287339
37.963296396005155
36.03858139361853
34.1117057788284
30.10379304077116
33.462975561369376
37.05126893110587
37.346684468942634
41.10341460121241
46.651965275286564
46.06256120448168
43.21409818773977
41.14815155160988
42.55829358378845
40.83346633578294
41.19462630393664
40.51442622819265
39.84031528211982
38.53629693058779
37.63094649577964
35.05360838326734
34.14359464904825
37.33560439300698
38.58654349422251
41.1905087303027
43.63609050903772
43.49800450648962
44.870965141362554
45.99516824833329
46.704115450902215
47.05969114183595
45.247701891878016
40.92504343018753
39.00317145203631
35.01715494230372
35.40486606173313
37.10889521083067
38.45664085809877
37.78800753991345
37.58321702524115
34.70363556136652
34.822668658583126
42.407684293150126
38.940204046808155
42.30996193995218
44.97391086661052
44.48867185728497
45.78058327220916
43.47657372324696
44.485579657869856
45.247613372335124
47.26308228647344
45.198811413376994
40.07876251489785
37.10491388942855
36.550499861872844
39.38993095487806
36.70553265070558
36.87287562736526
38.09547747991734
38.396875098588
41.93483829040941
40.31506146015095
37.38954362762461
39.0822409856795
36.686453135167
46.450123893362296
45.23440939871816
44.035113210032144
42.7239617716974
41.070761845833104
36.255661087686825
35.39888961982527
32.19292563323112
40.07084963255539
40.537020538608424
41.2339434646667
44.98299201870908
41.529069692743306
41.768440192042945
44.906114912564504
46.12257052669083
48.76161261214607
48.504990387775614
46.08989095150499
45.144769277285306
46.27143774918379
43.69687415263978
44.058893687594185
43.73553627519216
43.20993783721984
43.19699944525978
39.844734234087724
39.345343817250665
41.18734586957825
41.33058503415131
38.933335718118634
37.09877359065113
37.39109947995136
37.6804501838819
43.42540791118735
43.47788253811749
37.40776617960545
34.75166088162061
33.915455071664184
46.651357004703435
43.86179865792836
42.11594654672955
42.298313634015706
35.16373587775925
34.26163484356607
33.6272133277321
36.4971775003216
38.005357786747254
37.56762686599241
41.22583988951575
42.92978107309096
44.26716330112752
43.50380178120104
42.355361176001686
41.75330964821595
40.96967195676353
41.46007886236208
42.85915990484891
44.159209300329024
44.23899301851108
42.18222560534559
41.0456418370398
38.19703100744657
34.86723278268759
36.15666114160675
40.16035539614541
42.72398156892388
45.87142394156533
47.16555991112923
45.682542621193996
45.9293358175586
46.17556182036292
42.228405518847985
42.74076675821184
43.534791134446614
42.84527931811615
40.18578048022143
35.037451391467194
38.60223207403654
41.801156571161506
38.36468504932919
47.77308314251765
46.30165459529886
38.84479948540428
26.526446262881898
32.12916047042069
36.456043822080815
29.713986096747274
39.16988973214332
41.70501023896201
37.84920592729842
34.98274914905286
34.37954860003585
29.772052938282496
46.67003767537724
43.14172167604687
41.802842695641814
45.55589629964716
42.51212121455208
36.90389351678072
36.583207673246896
35.437202938581365
37.81149515674536
37.20521061183539
36.27103265006766
38.02492865311158
39.69205707869123
41.81137522998884
40.86412801649352
38.97227224870017
40.50740244436626
39.279580044407176
39.78289839738054
40.47750185912456
42.2454693821961
42.23907884896408
43.15685320924664
41.62025116187297
41.75941010896265
40.55470754879516
43.44151245784741
43.5929067066355
42.64009658430337
45.37660579407151
40.48533368595195
40.40019222572958
46.432444139901676
48.76563521356946
48.23476590240815
43.97471952500524
44.16469916629471
44.99367342510446
44.35858272371705
42.6143235807661
41.39497751563035
40.74914993413149
41.631898812004266
45.27214862399005
46.21136372328536
46.0113872796954
40.78214784236309
35.69424136785463
36.22383115734276
32.27630395210419
34.23874851455861
35.376187102512915
32.82327245277323
33.156272858919955
26.7933360132812
26.87738473955715
26.603002330778086
28.770307230736453
34.96379256867003
50.283424554128466
46.00465910060348
44.871565722168974
43.89149855493085
39.49466974464762
38.18035177942696
36.45538026321988
39.11059656240964
36.253197643685766
33.224518744030185
32.76096329923011
36.52714755651678
39.00603030922239
38.3062747446566
38.68075557647165
39.75741716641767
39.148738468533494
39.155950838945984
40.76224239938897
39.47427631528928
37.30516575732882
39.09329401731429
41.42432770536137
45.48138918110991
44.46447717781597
45.95871579312856
46.380527829382665
44.19953699034804
42.27614785734866
41.352281964110645
44.75156444078654
49.799235323898294
51.315745855149686
49.776716814713794
47.69652108660069
46.32415160317448
46.121988870432325
46.97707907580567
46.60479878931277
44.22365670958157
43.69648885322792
44.28881257171216
45.33144002359511
47.240502874219516
40.65951249088896
44.25658267542394
42.90664451373032
41.5090210964283
35.890157734879864
30.203927774118604
26.4042922143824
27.011910878899318
26.602090809108965
24.48002717008983
26.121386964841534
25.937808209847457
45.143816994667226
45.876685608222104
45.290782568951435
45.160800185472766
45.167000320875125
37.42296058735477
37.35116359980788
39.61647377392624
39.186700586452766
39.68487378322705
40.442202147863696
38.64510405184157
36.60684739529313
35.45254244077861
38.78127727336246
37.553635846770234
40.26512654610995
39.561637729365856
40.04232429188022
41.98812259770834
42.12510963577305
38.88543309964217
40.07215261139608
41.576341512806906
45.354668292531706
45.19712352533182
46.90896294366878
48.223283946573495
51.19385826756827
52.024889259341926
53.21060145093018
53.09210518108469
52.363282285075975
52.88439674308246
51.9562980340418
49.18954683355791
48.98261366937684
47.02489627161206
46.87453834673759
48.06692915455052
46.527619732797085
45.97322471127566
46.39452810574804
45.156803598664276
45.153735230341105
44.427810707060665
41.370634665836334
39.84887352681859
40.412059595997015
39.275890842409744
28.88952006069494
27.692574824920605
27.635091783241062
25.100146664533895
25.121768543444066
24.06102417440182
25.21860670241779
27.440513221786073
36.46756075922268
42.00414948416823
43.69587542847768
45.24965139778998
46.78930675009275
48.9902321414025
46.96162358449259
47.32062534828124
45.664668374152946
41.72737108744913
39.150202854466144
37.880535872127275
34.40634938525219
36.557046361097576
37.41739313143058
37.595637587046966
38.83509458359977
37.19828815196515
35.89059107021433
35.77660060745422
37.17901373163757
39.26037846388543
41.6725542034208
40.18258999430327
38.11321070308855
38.56499110248698
41.414410343130875
41.28644814404287
41.30597284644013
40.69509878808384
41.828315495939904
44.3487347022282
43.989720152356014
46.41010371794291
45.0275845348314
47.314192607546424
49.70138529264904
49.699989401951285
50.85007594281147
51.79918098269057
51.1253797491745
50.75749935806247
51.86773795231399
50.195750377707114
49.02511811206232
47.71397223750463
48.44405413216967
44.6599027058105
44.838133711699875
43.21879522241184
43.74977751423656
44.546580284978695
42.056727315228905
40.18158978874934
40.19967301223686
34.86688709804247
33.65787415526691
31.029356558907505
29.716391903551422
29.931050011644867
30.833478156124286
31.390623022144574
35.853541652276206
38.29046333461352
43.258599733110394
47.34228715424686
50.27263597781881
49.4263962588804
45.76685882523218
47.15481537682714
46.10276803635062
45.8062329649542
46.867632674370235
46.83083638468104
38.26419541824702
36.76938574876197
35.92764241849497
35.857717664431426
35.21716119934272
35.26513408036031
36.85969296502618
37.24587439426541
37.228105789970684
38.11543433618534
39.129037240240685
39.65236562897645
40.49659687403738
38.27156235091605
37.89167393823671
39.703641570759025
41.05169919967617
41.53769043830346
39.84515476656947
41.545484538720494
41.17690383543403
42.43453273291477
42.236323057886196
41.16442959340741
41.52864740497237
43.382731205734125
46.06008396578699
46.48589438031296
44.67546737489254
45.58554966458707
46.49605441657191
47.8477015977831
49.42529721126684
50.36525642665408
50.15556058504475
49.337574096799116
49.63034280510676
49.040134763786895
47.43714004593924
47.81444850252745
46.91981736448026
47.86974959499725
48.99772469510054
47.817728527697426
48.25546401576623
48.067792261676225
46.76884893150759
44.92707133330171
43.700319361505194
43.60839372287685
41.35515690722858
41.64031743627532
41.34638518937536
38.48589840654167
29.010824856958838
30.349381952895644
34.212102647813225
37.7955693436555
35.11204011993355
33.433799714981106
31.872646754549123
33.57142007529519
38.88719397455743
42.9031559499499
39.281620622880176
41.67316952916996
41.149900842009956
41.23015789837204
42.914250163835035
44.415790002236
45.129396120058196
46.89573769583941
45.373004102118294
42.28609885928958
43.96651890836812
47.57450813117858
45.889411937056735
49.277004521026676
49.7176097465873
51.18955003716001
38.65049627975198
37.33201442762576
36.71356735063611
35.86976327063929
36.723790285675804
37.330253686113224
36.83511718143097
37.64570422857984
37.45002993183829
36.75109239946208
37.51610702743138
42.3564851754537
38.212104409498245
38.44131304357244
39.04173549139442
37.645828797821835
41.620540900433426
41.76264591507623
43.12704703585397
41.940490067689915
42.63617450521389
41.47753353045214
42.55827694782467
43.29716866593566
44.42473545208017
46.75089726584076
45.42076150971425
44.376848580833894
45.31950409971772
43.538556247185504
44.278077452686595
44.32635683262262
46.196936513582095
48.4412697338739
47.73246026108986
46.56223777262546
46.04119822609156
46.51611640151896
46.518016072294756
47.13642783703582
48.210304027139124
47.544513262479775
48.834550730579245
49.92899417408672
48.67685729822031
48.390369489385904
34.58034307566728
38.888286577168614
39.97594318467652
42.12663951133814
38.81655484566655
31.64420552900711
33.082668293658415
39.353377452218595
44.25305470340861
37.898499837005325
32.73545989227373
34.7438717602677
37.338361905192095
42.94030815591875
37.00042733728606
35.50749353774673
35.66398124744293
37.6555149434513
44.562493394553236
42.30803461972335
42.32746067629438
42.749356362844836
45.018781218897374
43.88688575571039
43.48334711725598
43.89382011804717
43.803176211157464
43.75430240669221
43.27544890707058
42.268660116743185
41.78399290607026
43.23726637774285
46.80546788229336
48.779754536872176
51.021110222536876
49.795155514409245
50.269875943579095
35.31929225430872
39.71665074496689
39.5369068964492
37.176694054801025
37.58810650225315
39.60359061233274
37.916468984146945
38.28539643396242
37.989975350541904
39.1342900967549
40.37642569193154
37.57811974495781
36.096487926195124
35.129738032225305
36.56508402840715
37.5075457078315
37.753601839473916
37.411760787107575
37.79575070320101
40.2500004088564
41.314758795642476
41.977820987774194
41.516034116222635
40.72666547574135
40.635630143805244
41.14432391628934
45.03480846117158
46.744048089480074
45.0083120041471
45.38132426785419
44.59998457218047
43.966944465672
46.68973901386532
44.98190361215436
44.87175264210522
46.72816644722604
47.43345232240497
45.968628888967714
45.0416871555325
45.887150351132064
47.64834283833089
49.42999415425856
48.59930697714609
51.074059087481174
52.96049347021113
51.86522133792719
50.05670309136289
50.13412345037256
49.4059737374774
45.85177877413106
40.05321010397209
38.35283657109438
41.54700549848552
39.3500465994053
34.26546615219125
37.65352003307794
36.564513341349915
33.22815417050063
33.27633757341361
32.09377055501901
33.87795310630209
37.20808341252035
38.08768906266829
34.52283658755794
34.77949688810733
41.35146112623596
44.74995738758559
39.47872693916573
35.39749406560962
32.80766755221891
33.274714281921575
38.12463227176403
38.931879184256175
41.89052035977211
40.80637755303129
40.31483420498145
42.10374496780783
42.45567533564952
43.38877569797571
41.286067796657875
41.15104075251125
40.55790603310273
41.0785655891923
40.95077882907859
42.21725475942846
41.43115348074905
46.66990176806265
47.31271937742861
46.837259093022595
43.97865303939614
43.86540153532517
45.85789555077943
44.40609478488176
41.39880314859683
43.34571086433301
43.87305808453421
41.1494063358659
45.88092132983386
45.33820808045476
43.71737972188545
41.241183649088754
38.449987863565916
38.16202903041951
41.26325449929323
37.035147588793755
34.23891749640904
34.51770552779385
34.674280362563884
40.24320419425475
42.830559347493626
42.173109990627886
39.32830966366382
38.27884400960754
39.642363551499706
39.26801877563279
43.14339349385186
43.344682896395305
43.33024788429392
43.767553304616385
43.48968172004058
44.73179014580444
45.545922044016024
45.0858039060998
44.72493516564221
45.4292088823665
46.20041906048266
46.90183070149447
46.368205960965405
47.27271913464883
47.95414254173407
47.33698297565293
49.062109720823095
52.09993390939234
50.39521637434872
49.06690697794475
49.403133998493395
49.1141821713143
47.858278484471214
45.620484629555314
48.61436682005383
47.79708500073327
40.23410978539842
38.5900151674945
41.991783677351
38.54104662485716
33.221315469713986
32.41863641451781
33.46782837138562
35.73855048687982
36.40339613863671
35.857529813253905
37.10084420772004
37.577841185494705
37.320985224328496
37.016756901750426
33.30800951027613
36.44804433596728
36.25710753376926
31.458760039644762
31.849786811965373
28.995221709539187
32.04077726063663
36.818593581168734
40.52597798168723
42.65183149819895
42.333996694403645
42.67694551003234
44.23437108887786
43.55487788675849
42.833586434766296
39.07605079766376
39.870863361251196
41.77406110741171
43.13106939794932
43.83754290226322
44.69811661969241
48.56074817788222
47.019946390976116
46.658277313425984
45.46575687211181
43.02501248221126
41.50529703729598
39.96035795728149
39.65907232191297
41.97964331028133
48.62155602522892
46.23009918676717
47.47778907632182
49.44903482193813
49.999973521878765
47.239154903417685
43.65170800386267
41.05683617811091
44.44169960281028
44.19678478434756
36.482286680536745
34.494119577595114
33.52879812069765
33.80046492495018
40.683163220105875
43.052167798185685
42.57101988586101
41.767740325533644
39.60614581725331
37.58647826474321
37.279771242847744
43.46626733550194
44.60940206184975
42.43050743839478
42.796455941511546
43.68184899535121
43.98391252189062
45.37308900580148
45.987556419487106
47.09110919505496
46.010469564451654
46.13014628206261
48.25870105288234
50.31268960714815
47.89750506194568
45.99324344444167
46.59650121054198
48.46687500219
48.2598478729457
45.57998087015783
44.385639350941
44.98547208820457
39.11001751230536
32.06968026578027
31.30272522562085
36.03605285185961
36.184803033484904
37.06584526449317
40.18124783674611
40.73544651614765
40.03454884325134
37.89583588944091
36.475798317261614
33.2027281200363
36.097939263328776
30.081610601748583
27.304809228008878
27.087976069599787
25.90330063595141
31.072828173622344
34.457150818807825
39.305904288359805
43.43429317553834
43.33838905763337
44.41000202731699
46.826367541791285
42.057808630503004
38.667994130786965
38.46805583607448
37.69445642279783
41.73957733171141
42.62207637968813
43.77634710775626
43.08936509641159
44.59678364304433
44.37048491596658
41.79657019257308
43.15647012113763
44.50798070540882
42.733273725903366
42.431026240808436
38.11137600477811
39.46953354499269
44.402592252089065
42.67197739016568
49.2125742110706
47.27651004791791
44.81014147106794
47.206006887785996
46.6578442537439
47.67684243460734
43.81113693285006
51.277912317206365
50.70776526810815
47.020027079104466
38.41625752325274
38.397453740250576
42.96856571446138
35.02441638238837
34.09511247014967
33.34669018906955
32.622843995203404
36.02999786912257
39.84646500636291
36.71284126098064
36.80787235902413
38.53611019746271
41.36067479580231
41.486436031456
40.24955075498296
40.16046754465373
34.91645223055418
42.0652666653917
43.51375945334875
45.01595796906851
46.663699118697096
47.840312977641446
47.5890921504592
48.971975699524016
48.67462526504461
49.79961198558207
48.316402887186236
48.71582882984506
48.696888959152254
47.249489712175134
46.37041603423603
47.18947426005946
49.217592304936474
46.53458739588786
41.176062713365106
38.58344984840843
39.24669161339757
38.76571476407744
40.052646388791594
43.25440185167882
42.36824462175344
41.455820681206106
42.515147691138694
41.07915978079916
36.53639935091952
39.56892163682098
39.81152483149941
33.77920415496166
34.38448079212449
33.312405725633695
33.85338194998037
35.852251209005836
40.69796319300267
42.27632024200365
43.064385119711474
45.66838438935529
48.210015771012486
42.26560606247346
40.36435131037685
39.11550396267806
41.483283206157424
43.36241040756137
44.9580162389335
43.43853553348
42.37757743586403
42.49602976245335
44.218258691562625
40.849880498390235
37.76409110283238
38.50357714849183
41.12151146373044
40.85292712466206
37.7991032038147
38.85621585162339
40.46425290255292
51.47510207829552
51.60057351613558
49.59990630421432
50.54131073360793
45.04644634529722
44.44663231326035
48.296377799946484
45.921940730932775
43.38288604078409
43.081137994868854
47.114367097250785
48.69167456843093
47.64795970960501
49.656102054273255
46.167260304909234
43.63172428585573
38.73324332237893
43.29710193431075
42.20318482736273
33.55752431502511
37.06633166227846
35.76784105485785
37.47247113098065
37.64561578491347
40.02174435883443
42.50989328951
41.794708798173914
40.557168981362466
40.69683262256676
39.78769916680112
39.54726416294836
42.681176818344824
45.47381938665487
45.98798606768554
46.0177848577349
48.60552109943314
49.32184038477574
48.611251847790975
47.858344360244786
48.95948162458422
49.83037977703371
45.25309991480197
45.00632548471318
48.38695418604254
48.993496217380056
48.438849103896985
48.10563593949644
50.153458285356656
51.05947120598812
47.93980131239659
46.621364707931015
44.707087776998755
49.04304248493901
44.87193801346152
45.910264520190644
41.58132284999808
42.17184012661479
43.51228865020197
42.58110454728106
43.643489524662414
41.710414172989445
40.9154452636644
38.654170826296514
40.1384522880565
37.990752710774466
39.18784048182656
38.03884341488879
41.227608555299874
40.9809400198125
42.54334049268421
43.38373907795103
45.13315181140828
46.55646760825337
45.65689396746482
38.452383999123796
36.9957363632606
40.45036000292076
33.425916010465315
38.09231707479902
42.88465651423381
44.52561766222967
44.66824719708173
40.64850320132777
40.790722498554146
42.46516132713296
41.05190481520804
41.30562099920369
36.71587512103177
37.130144597637354
45.9416805690156
48.53810061878532
44.15949611722567
46.65078289320252
48.02629598828918
47.759559257541845
46.666049594516814
49.54479555642843
50.30367516533769
50.962741040169846
51.2471654302825
49.05619306463054
50.81224637083369
43.63277639880376
38.58402289340702
40.014591017885714
42.51143331170538
42.22187610774082
33.31243478186677
36.05179354872401
35.371761385112045
38.34427501885575
38.38069936368843
39.28059959224838
40.23664082992429
43.37930195588446
41.26165999325857
41.03806878642029
41.066764909845055
42.750912876927664
42.797222315316205
41.72688745674617
46.65984149968546
46.075485100678954
40.85416117714317
45.44047353019278
44.03177471651142
43.926073243175104
47.50441873125756
47.925893241443035
48.07261860416903
49.44547968334106
48.04303159179923
49.20479135170563
46.388862210712425
46.52642764582607
46.38034125383111
48.43012912253925
48.41906798376102
46.79799267187164
48.36364724521727
51.80819245954873
51.49675292720718
48.70421275346649
45.288059940983544
44.50258991843969
45.087396575073775
47.86621784972083
46.20199487814526
42.48044201581294
41.01036296117562
39.04361882082753
38.300639427166736
40.093185747576136
43.22669599760495
41.11085193984816
41.71905384251458
41.69179641123772
41.21361511390447
40.72682442230591
42.62399402295693
45.20650229529225
44.44068050095464
44.92211102692861
47.08289543813496
47.60077683181941
42.93875103906621
39.98076076472925
38.0952495717788
34.01938916321346
35.77587962366216
36.068983311358366
43.07736836809315
45.1794693080047
40.54756481943975
41.396546216056045
42.005523365075994
42.087833891699546
44.64741747374943
42.56058241304847
40.29681283920806
39.54762322439682
39.576040235741075
48.69807720977081
46.10141150468091
46.173378096461306
40.16958491228632
36.009751882027565
41.7508395612938
49.84991994623997
46.565735248112254
45.92775770775479
46.41719811170603
48.164770945966495
49.128837272241064
47.475421183198264
48.28823481674726
52.3565265954623
50.54634767678416
53.45017342790203
53.10370660633349
46.591737638317895
46.21804740750641
43.4201894080991
40.6633603621625
39.78157100511506
45.32549543552527
35.877381476613195
37.836221194868756
38.754965331496145
36.54989638032914
39.46024783362394
43.606561105768094
44.78430467349285
44.14515505275071
46.9244070838814
45.35946940084537
44.50881137092783
41.44261226206052
41.64185243434774
42.473606652013515
44.44988855732283
42.226983660989944
39.695509466579814
42.167547646452654
44.797934684776806
44.58142481620081
43.59260330423358
43.85969263662596
49.35853390370905
48.59290602013383
46.31455267329784
45.995817897521185
47.49059287329008
47.87735623612152
46.61541100632017
47.78388457111265
50.50875687113313
51.32829638007752
54.03691479624324
48.156921907722335
48.33211275016688
51.96383672130982
50.162999339575684
44.89082549238919
45.03635963851986
41.83891285838385
31.30941906002802
31.988542475406113
37.845129757047594
41.6416834183893
41.97366216488474
41.68947401864793
41.97263484472317
43.87042203719054
46.189997874880405
46.67362265172018
47.72214551219185
47.660969386286155
46.08070521908682
46.445902318596495
47.57341691739768
47.993576822029105
48.79976157689713
44.67104228518165
38.65111871312156
38.79994290301831
36.56934844509532
38.583673374466905
42.43560430877803
41.87641718086587
43.94650965689287
44.731236499081966
41.75096772950127
42.04268704899315
38.621302877604094
41.37391274285953
43.266935864863505
44.287122623880805
42.56708769731142
36.9830584061412
37.29499962061594
47.068655496162876
45.983322605112406
46.62671337271979
47.04582486840067
47.79620489523088
48.34712121815911
49.24261084887765
50.10094497358906
53.23327791473843
51.12811674909147
49.74229162239396
53.11151482624654
50.125192476005815
47.05823403993147
44.53671316130907
40.42359334497828
38.96759378558357
42.52196740089957
36.329162833922354
37.504602739136736
38.76952738242148
38.21176331064155
40.76432643872064
42.349757989033385
45.055607321213216
46.286694557165
47.92618217659867
46.77741784137767
46.695395328029186
45.85934120902243
42.91612403436113
44.44771680114389
43.08767941257887
43.25652862601134
44.60846409268354
41.96590311641569
41.15075251127153
44.07334594362454
42.02540390069938
42.023922975952
46.059022629957056
46.54894017840841
42.36917612799896
43.64299865294613
46.96039611633917
52.00174401797335
51.057237025772544
55.01676294982806
57.19895468191895
57.56407396044721
56.528115518617966
50.56133251025042
50.03392813737409
43.16600183269716
37.18109906242234
33.98279883993715
36.88591772154723
41.1567374151835
42.174673940186736
42.066358765267445
39.41804434414353
44.719204732948555
46.3225273499656
46.378867580470065
46.600810768197434
48.23137129548233
45.465179203368606
45.87532609585398
43.802975636259355
45.23059519262017
46.37675580359155
43.25237417682254
40.32046630260755
37.97284291429289
38.67907514714239
42.89292495112955
46.73806499439503
47.86550587145692
48.592474299610615
42.73393764160123
40.96949702174908
44.56155379161309
43.24016992359054
47.64782983234584
45.36874893149798
46.28958619167196
43.308006492990685
41.60504482530099
43.61649530271575
41.744745425939996
52.44699508438845
48.59489101760841
47.91414185265432
48.31110365545869
48.29515171401297
48.13444660596197
49.83415366386458
50.21527074659193
49.91104348823452
45.3231365300441
47.89915414636504
43.85912800458104
42.638682955112046
43.41087996411676
46.50227023851297
42.65724952165437
43.54682578765192
43.48626841646146
44.45637688108315
42.72487592338485
40.8071411491244
41.02407699798277
41.42784574689163
42.62988647273091
43.45553287745144
44.749068426172244
46.93726479441196
47.01440097329827
45.19877964761378
46.9809375477139
47.28426767739202
47.098681701945495
46.85479555040947
43.68291111152885
42.4759946821085
44.52888444844344
38.95279912139427
42.58503022251442
40.2327901165357
40.82999960954248
47.268965494461256
48.378578751143884
48.31429368766001
46.85072927262354
47.44143725027371
51.06890922199323
52.59348762240951
54.116553055507175
51.99652969900855
53.069059625572564
57.51014453621896
56.30489762591509
52.19180427764075
51.82499522572963
48.014253026939954
43.06452228408527
39.552472204653846
42.829088813880695
45.52934608887139
44.287805034592004
44.4468880472808
41.507803663994316
45.68656582945483
49.13230481767191
50.54960753238311
50.08021351943473
50.029050663905515
46.63766695989182
46.47526677376229
46.634358262866556
45.42124714193476
43.47684141576671
43.931019274199244
43.8341789618078
41.937783884034246
45.02895186220837
49.16929768276447
44.70590782251293
49.79806142178424
47.47091415452064
44.911412080763476
43.543348751727756
38.76843636409304
37.631429077920615
40.87016358231025
41.18288788737796
42.75856609873985
40.72354560100457
52.64019924535328
50.27776643168307
50.03343415410631
47.421618811730774
45.96216359630476
49.954836674711395
47.49923263338372
49.349488462397304
50.22178187717407
47.710957274960855
45.98100777822458
43.32248193209739
40.09656528467697
41.62340283980986
42.489290077146954
41.758802988941966
42.75939017539519
46.53053478904919
47.16280454492503
40.75227400644298
40.80442801546849
37.27636191978099
35.30799038328393
36.936128747865524
37.37739427151269
34.73862395678492
32.179851330330315
33.7228513770467
36.727950364079
37.857462964880575
40.09028630652705
43.14277997585108
43.2349689280807
40.748452326230655
40.506178631609174
37.173640705394575
37.344311739062746
41.04569332355621
43.109891345941904
43.27442432656621
43.61205507990478
46.5627640813939
47.46998422684349
48.776273737831666
47.648597353554294
46.01638988001129
43.8719080644136
45.55321918998578
43.49474101279591
52.03319694734458
53.0700799306669
52.54363379120442
50.801708490618715
51.351936482017805
51.216888955775964
51.87709255372771
52.0883409258792
51.53826697202586
51.89019842963478
53.5454621384212
54.73714188651555
50.96829061677526
50.96913338146873
53.14328568958266
52.89272651919879
50.02553717060554
47.50934218239709
47.65427226735542
47.03315906711397
48.933542790694396
49.7309519409768
48.43903299628793
46.59524618282147
47.38148953848619
48.679598382122556
49.47937762934013
49.910217765456835
47.34433338350346
50.38908721880789
50.683276364896656
49.66126463131169
48.985107346797406
46.15508636246294
41.2371136924573
40.09064334681019
45.36317803535208
47.03177062217257
52.27599512755781
44.68370347422329
43.020124262676646
47.71012755012581
48.42434674455682
46.56280605739702
42.717269463504365
37.95193992106908
36.8155225056478
34.70000352011322
38.26043329481336
39.826240874886295
40.38037380933724
38.39354826319866
38.289106398637415
37.79917441448957
40.47783712818709
52.65515129355969
49.440944696013034
49.33517958923356
48.11747691077882
46.10773232569554
50.113583621762594
47.220119220395105
49.318744749225615
49.087531885794725
48.332315696674165
45.917499010086075
45.867111252107605
42.683417059682306
44.549225476132676
42.795673586668904
43.21432783556807
42.87869850277356
45.34625986132
48.53261241289256
44.475488459506714
45.789308835228006
37.56591640626462
37.26075952874005
39.21191273093527
37.95612085337816
36.925344819045385
35.75332180427276
39.41187059389492
43.85938512923389
46.73650012026701
46.37591447751375
48.07285070215884
42.59256710305967
42.053183729703704
37.33544729728406
37.368575042277534
41.23948880271025
40.28382854341234
40.41932791710065
43.2621723119499
47.819466684314285
49.46392980822988
50.49118005936674
51.893158309783296
51.67566882506164
53.191679419718554
54.30490767757587
54.29475071831934
52.4340954250589
45.655216519778314
45.63496645966951
51.822509742386316
52.12709641626745
52.62449901383165
51.840224487046
52.38178770297219
43.441014679626875
43.108766252402276
42.358980939318
41.73264877261105
48.743180109325586
47.551492686568125
49.487928032503554
50.39139259753687
48.933540422914135
47.0450004535154
47.80002068249079
48.99899411492031
50.696865231873616
51.03971323310239
50.91182678111293
50.68502117912316
47.09300538528424
47.84649915625474
51.878539751288635
53.18059907729985
52.20486458780021
50.865431907851224
46.13109216943729
45.48611605685568
46.45675696933327
54.175808171982865
54.2324287689734
48.212177379594685
48.72361880369715
41.31866610979526
42.517734306519955
43.1776443956159
41.35672119876845
40.52642623000119
36.60515006557671
28.01232425818263
33.6860504556252
35.19215477562019
38.95082782899681
38.76089886152955
36.58591251718292
38.20394143822296
41.50395577246231
53.08359187572622
49.58858146782249
49.229465937556284
49.00926918930425
47.64765162584308
46.905444892166926
48.79506834196107
51.26360998847296
50.27128577415694
50.684200513634984
49.56364981046043
48.167757954985355
44.31340416203094
45.65460216817954
43.26109756177121
42.38546511358886
45.17265447492894
44.592772961729224
42.36562040487854
44.5072573357026
44.823378294435024
42.977381615592655
41.850182132507
37.866628766763824
41.03567581173788
44.26338698553389
42.59902726053467
45.2866416729369
48.289941204429226
50.217384607997694
53.12013505149325
51.20475346276432
51.907360988356835
43.66764601451113
40.9938111370233
39.87541920246508
41.01747753904403
39.080044478119724
41.36831887345346
43.559956150949404
43.568091167405505
47.08683287163181
49.26514899339782
52.60359209918252
51.22017049521622
46.72858786949185
50.09015710970162
45.47279068728175
48.819723189241586
50.092238998508925
54.54425335600092
54.012035253748365
52.385068526349094
47.18960175338958
46.61968577501863
47.775895841997034
49.41050085112759
47.77383481411156
48.39258373454047
47.611533503810094
48.300576658626284
44.328285363068915
45.72795406051576
51.54489395629217
49.47733885993352
46.864566618755276
46.52281456809725
46.67447994653634
49.094032501539246
48.42197007084491
48.20268539093459
50.56185973134769
51.7396175426962
51.886172727108445
49.723983522658095
50.02830660281039
48.07059847969737
43.870684216952355
54.59150185863437
54.651253746447885
46.72586133131731
45.98302900815582
43.02587913966452
42.433870996699746
42.61139666738039
45.25208409282548
45.585431844778945
47.696755063059655
46.59844914664467
44.036039028116924
48.424159911850566
47.395843153313706
44.78517768576775
44.83436059935705
42.21205627238626
38.46632897082624
35.670216041586094
36.61212173759751
38.68536346115348
37.95352591438425
39.585875899813686
41.56720651790377
43.153063937131705
39.79283849681038
38.91584433523421
40.34519467518611
38.53652249706211
39.212184126755
40.73773835796995
53.12423488125434
51.28172204867253
50.15825785270537
49.311954419996184
48.405873515514
46.75968862967857
49.78568251811936
49.94757470772158
50.25060561016632
50.456298716672016
49.45292398473874
49.241224469769605
47.48376952090993
44.18448854302835
42.57217289823029
43.521941062236735
43.377405280575445
47.19288878398357
42.49024483905128
41.220190622517755
43.13393072410354
44.23119955398908
43.683806578980885
47.525457611227985
51.26769930118932
46.68402674022194
39.6263206978135
41.08032152213781
41.66753855161243
44.57469494821759
50.552915569300154
49.180553726466854
52.14611185644542
50.33798007323811
45.04895416653799
45.14728165245691
42.834892299314255
42.81082430283464
43.58781389447722
45.78385895696203
43.79704052197873
45.66443113815216
48.14873933591405
54.17320289402591
54.367589521698704
52.14868806607768
53.47399858271152
55.274310890916716
54.727313410466536
52.02648053739461
48.01867237912627
50.109444418935595
49.304357777623586
48.3119925150867
50.14314372652995
49.92275641850891
55.07650903773412
52.52795619959866
52.266590782178184
51.797414931468346
51.047057512455616
44.53308620685669
46.22964032125735
45.864935639335535
44.907602804139
43.878983921439975
41.47618684957896
47.45996344303755
45.24039014186366
45.158419072386884
50.21241117630167
44.65346132834635
41.07886156704128
39.709883195458254
43.686283913559635
41.31728970224997
41.67627476016503
45.88850099869671
46.323807795466465
47.92555736074371
51.23983049592794
48.56024078594324
51.33382946964511
53.33431169861303
47.34234314289067
47.41647582665033
47.0797734149479
46.15076635586318
46.823889373939544
45.99997126865357
45.44672811958775
42.5153702968673
45.29836969559467
43.944868892111096
45.31573299506954
50.32915376902517
49.0622182358834
49.09604693947242
48.64973862313525
49.73020010725429
49.41481754828773
47.855517851006496
42.05171412557336
40.35918782017272
37.88837181869257
39.65249959267382
39.529887125293115
43.531450962154025
39.154907794127034
36.79471428306369
31.470554100143683
34.314620485686525
40.80531900920261
36.86388317348757
37.70170295196431
41.62870722062432
40.810898590960655
41.80775873716301
52.35172973943696
51.72402605443704
50.362312274410705
48.61273303517919
48.320592545574314
47.9886007675511
48.37707997128382
47.1979658388056
45.9603667951418
47.21300698191532
47.816047423311446
46.15497613891882
45.807446033556815
44.87201495463403
41.67409772531861
44.57507383683252
44.89981186232563
44.10770379985399
46.93171446981034
48.61753438065044
47.09980816495832
48.94557078455343
49.58173658870752
48.63842065542254
49.46706984415043
40.99275056164571
40.16818514064315
40.60801132967232
38.136271028563186
38.84415827451635
46.18707776253347
42.96774855990611
42.22709328821023
45.2427523998878
50.74813359509332
51.13622734349712
49.096680033571104
48.0978471768347
48.541121977063014
45.15628493399777
45.98744462854924
46.08581885265132
48.83947628045012
50.21441158870447
55.490693978821156
53.032392055088756
51.88034680111324
52.45323032385713
52.01746514539611
53.39060829079296
52.30412960474353
47.19269910718398
48.58923833224076
48.652454726136206
45.85559247192934
45.03163823338774
50.411268563435996
50.89370937890361
47.491019824124116
47.812631051835794
43.34836829181667
43.39979953293403
44.47049409133013
40.62861646497134
39.73346158913918
43.18324479722536
46.090972117987604
48.05188242188995
49.129473147066165
47.376536140535805
46.58876487946573
44.27623078362334
38.6593889863737
39.03334194102047
38.15775797652294
41.361168513990705
44.46338610581024
45.74884402122876
48.44033939830541
49.11092400826599
50.384916831801945
51.947662451195434
49.13711345240954
46.34401373312772
47.34625603286675
48.52994888476992
48.17973227431841
48.49078857053106
48.42793694248389
47.877459101794926
47.3097735992439
47.44716354236779
48.6325069098839
48.52984086609519
47.762376040104435
45.32476171468066
50.44972872690981
50.78571323422429
50.21717783759619
44.867659318316825
38.05368329401707
40.47239392048166
43.15194278212612
46.114343586138205
42.04753900393458
41.683575890665104
41.28950366976863
37.78481433423919
36.122870692713676
37.992385543020646
39.504045161134314
33.25797218623462
42.49559298695094
43.853848946268485
42.89909530977165
51.58991338487972
51.953173324811594
50.092947828745174
48.43064832636582
46.95457989368528
48.674875351167344
47.16039914285131
46.87250808335771
46.50509760062732
47.42377043884434
45.44751905670391
46.46065218280154
45.376055090973146
45.07570073694612
43.52964601654033
44.93014729734065
45.238916445196956
46.238912327976095
45.53994520637415
46.22664984634131
48.423825978801396
47.846590555105365
47.02286427878688
47.18070420566079
44.48976044662774
39.6716719475392
39.056805703282194
39.29827871988194
40.85173315203452
43.07644603039835
40.22194358437769
41.43557386057183
40.15520885266961
40.37256741300152
44.22277671587558
51.66336161946002
50.97520132220693
45.3733511866981
45.94311277470188
47.3132560753498
46.23202620201529
48.62709317358841
54.354731159136584
55.89914760482624
57.19759905385552
55.120362792633706
53.938347068681765
51.35146605772789
50.29366665640296
51.19840118009633
49.542715050988015
50.40289285946382
51.86702382068829
43.80131177654112
53.27893446497968
48.53418739536332
47.925274851123646
50.52279328313549
48.337867634852124
45.0625264237195
44.1419242439558
42.804520795708385
45.66753424244864
48.15070872317935
50.53424428793888
53.21171087543843
49.25382320145294
49.66783422778192
46.82351267935561
48.63297742154656
47.98114143097333
44.90355023183015
47.87981240325973
51.78487091596998
43.62733107929713
41.2270047673965
37.129206632320624
42.17149609699417
47.05396975025006
46.94631060525163
48.624926349195135
49.95182079340003
51.295131493254246
46.920672158655655
47.76126546482951
48.62567864849021
47.97028486133333
47.22725364176493
47.509496638505894
49.1923412058895
51.27791012904933
51.41753349694337
49.69875405585643
50.75990918236876
50.28860403238584
50.42680717437286
50.034351088247284
45.486375295879164
44.95917796262648
43.22169231029586
40.79270564132057
45.03274426117594
38.77247242825095
43.60330904115822
48.72635291341085
51.136625750504734
46.528841395728236
43.44576831769761
38.21072017623906
38.42280216237103
41.03412735796695
39.4606775681155
41.1607311981635
40.324771908198024
52.81223685458922
52.34641620499416
54.636434654963836
52.43911755022613
52.23196689715285
52.14300719386236
51.70183668330474
49.43370464304619
47.400420429269815
42.01518281437341
43.15309886542032
47.25299865970391
46.173931578584714
45.26828918171004
46.32233595156528
46.41177665690303
45.17674577443646
45.186298796974576
45.77469327024524
46.26527823394511
46.138968140687076
46.07264914705591
46.37546487629861
47.30678268116311
48.46083262834497
48.22441573343213
42.734680391542454
41.713629266189066
44.44330887106843
44.499842033642075
43.60883511810829
41.15960351802086
42.424233597336034
41.845152476679885
42.51658861414675
43.81834648320003
45.83900867320915
45.16971315171553
46.98287586264542
44.5318761995038
43.499171697312256
44.37580857956211
46.124906944780754
49.922157758859605
53.36077595957759
55.317079116327584
56.0767669563909
55.992500366841355
54.382528815763834
54.90246743869601
47.99478670375266
53.69325874425961
52.062939057475
51.37150878387195
48.831853350803414
47.7950585283645
46.81018742107289
49.124374387917285
50.971417579519404
52.57055273882633
49.97464752805112
51.234803576414954
47.48673566166727
45.094258049142745
43.166381480056664
41.854791783893
43.816991607128884
44.33718481290776
48.16243853448906
52.290180505060285
52.835884934965414
47.230054297167605
46.62727198197704
46.540431761849916
44.84155598264915
46.08353809360067
49.84873571272911
49.2521251193911
48.930188551204736
47.240881623815774
46.73295321989932
48.15651186155745
46.509642973098686
48.76779575481449
52.06888113504666
52.87959872700339
46.737580834677104
46.67917199915133
52.17328477903357
48.10623081198985
50.424936112551315
50.44797338201748
50.7336405611059
51.38239592861981
53.113786284896975
52.10498726540206
51.01577496554135
52.062329477542775
51.28037963951404
51.62124896080597
51.30070610725856
51.85566272548669
50.867223498412685
50.45895975809759
47.320711197833354
44.55481647921803
38.594107637368054
40.02346785046968
33.64409936517883
34.59102462318074
42.08867952194023
37.75017501055707
52.34063532297465
52.28708419070581
52.25638011464391
55.0920411819402
54.5493155009401
52.96507737793157
52.756191143350826
53.003223107613096
53.03501481814025
52.95106490222686
52.85631239095891
50.44803968621411
51.150470510626086
51.226566612394045
46.87954101025514
44.138633146932726
43.63597346868393
46.09482997613574
48.65795201712065
48.95881722826016
47.2000453243347
43.88013017000075
45.36426737784509
43.4157769176746
45.475960731004164
45.93885677659688
48.120693111273155
47.17348848133382
44.75244779167419
45.57803791040748
45.988501463685544
44.499391075962095
45.43501090901863
43.098970844945335
43.00222846533029
41.361545124143646
42.42691856753374
46.17427056300467
45.2773175304278
43.51071252882784
43.722871616284635
43.95968738746652
45.286221403987106
47.25490026915561
48.33464439172477
48.32554087290589
51.98879559127203
47.68270392342541
46.723199888070205
47.35657226699232
49.98587001562987
56.28373125789828
56.11860490763529
53.58117331959343
54.589308864406654
53.96241591807124
53.11271996751341
49.9082719911499
47.04111972079992
47.063496559457406
49.61462779604988
50.33049012513591
50.6205460738259
51.43228006563478
52.22030849325281
52.856149846166346
52.48326573625555
50.82730364522744
46.667288592864466
46.72415236427923
39.03798447865511
41.36293156618691
43.82251554128987
45.290412674104104
49.510282793347656
51.41295675125599
49.69287422020521
43.043223216983925
41.6572299143905
44.57747391857175
45.57066734306945
52.58710468691927
51.30250226211312
51.01386494435142
49.9297980092122
44.91917989245421
49.2339509434719
52.831172249359014
50.51136661339724
51.96356172581937
52.916788280243466
49.461264653176386
49.92698641907246
51.33720957765484
47.04191529074039
48.73652620742144
51.08000788364615
52.579060320247784
47.72353831103422
52.08577733578253
49.166404662392715
48.314946084883786
54.1443264111798
50.04942239999235
51.36690371329804
50.52900563547496
49.882934625256965
27.699880504501966
51.76402045624177
52.161343130797434
50.73932539490772
54.87824486167431
53.619943419756616
52.59826446736468
52.90564833197196
53.04915811220942
53.19246829452991
52.97814668461306
53.3932941486986
53.39289771076018
53.196522263745074
53.14346572416879
48.78012070862955
43.66045062126358
44.436322799309245
46.31567628339954
48.375656079844866
49.2649991151709
47.99420506105353
44.60773378256918
43.37902007817931
38.286054921687914
39.47597469787007
43.360432235075976
48.8861409163332
48.11414045975687
48.485636590217055
48.8421669293169
46.94266086236278
45.59957845876695
45.31506635985519
45.25886706324963
42.87275789045856
38.587494855982754
39.13646848738193
45.592451194966124
45.49587633560525
43.592900200368454
47.43198125438683
48.9787750522607
50.21981769405238
49.919945631286275
50.39951439641314
51.996492594934914
52.33048003107303
52.59079306724962
50.31895956377253
53.047586828557485
53.243198296391775
54.56601538905368
56.43351440833507
52.0006640960323
50.021496886771324
53.74066908318689
54.8507366740293
56.120191111603404
54.30798681171978
47.207753017975385
47.276581964497936
51.664403734522566
52.9766544199291
54.44194114488773
54.1121282697625
53.686862069695906
54.28813431251777
54.33762255658687
50.66332292172415
49.42416836221475
43.4533510966501
43.068455244976356
34.77548001825874
47.62769268927697
46.66121552869582
46.66711321202876
47.50221521930152
47.89276513214553
49.320337754977444
52.71826889820906
49.141213616705784
50.180906335148826
50.27701440823175
48.690774276438006
47.424095988359696
42.99448521457363
46.06661982141794
51.364635454750925
53.85217462642415
49.00002224599819
51.4841087606103
52.42636647034357
47.58375726012141
50.60426191220689
50.28652242763948
50.87537072844126
49.74816011981068
49.35627719956692
28.31964691980028
25.987102219938798
54.645921120386156
53.00917718616937
52.55866678154688
53.095951606703025
53.17301641381194
53.36025913779462
53.675562032887456
54.03297579035661
53.70521413034158
53.071510198943976
53.23013026839644
53.480633245292296
49.692626626707444
48.54761846993741
48.721382223534164
49.10672308787595
47.9133452772644
48.31572525773874
47.07766815150662
42.284467695092424
38.602536103207605
39.559395046243054
41.524364949440475
47.082269528941616
48.01563310834333
48.98617543711345
47.19767048701242
46.912381046919414
47.73993672723313
47.73084080485306
46.395365108965336
45.843903315296416
44.433574845597434
45.246064754472165
47.20003156183199
44.722501419618176
47.523908329982774
46.89282349218018
49.30936706049301
49.26876223864685
52.67415160630939
51.835273158677744
51.03520510476904
50.05030732589828
52.36456913998833
51.32856586185551
53.039392615089874
52.56991096916114
56.00868399732924
55.18562496627004
56.13423515633222
55.30432915054848
55.2899945998049
55.683344856001845
56.54491271696744
55.12182103634898
53.73612118673167
52.453144014070375
52.37936299853041
52.19415821371346
53.47451961409743
53.91482421475006
52.811281410234045
55.03415043835253
54.406835884977724
46.71976604349074
43.83908489055954
57.63243824540519
53.006502495402245
49.85946416809362
46.02897414911284
48.98524483740892
46.1390390217799
49.46197574041483
47.1769872790544
47.06019603779792
47.1772275651847
49.28018382763541
46.60653272880298
51.71532335099221
44.28773709702809
49.21942223004169
50.05835416190041
52.95426597433726
52.88016892006161
54.14253297001544
52.2954601031048
51.275360653388454
49.97388731611611
51.24686135286346
47.96106704570299
51.88593348718383
34.03825576804006
31.143604516223327
53.10652644560155
51.4203458162329
50.93940893827377
51.53596564620911
53.636576839626755
52.58930717498356
52.92335890220576
52.01171455603435
52.99142882962554
52.76395579881097
52.84235168175637
50.27912946149728
48.57280238958607
45.110400787121826
45.357121550842024
43.38225868048062
43.0398707903027
40.35476502602501
38.08317623960981
40.67771339026003
46.25360704366513
47.53074259995826
46.494304071057634
48.1615652583481
48.39503972656248
47.38740112933888
46.26487500504714
46.83722968437853
45.805805057213526
45.04441933049271
46.694051823381265
44.80660057998373
46.623712595583335
46.350511658023436
48.136311725091744
49.05440238605162
51.18748177730642
50.27546206485706
48.71514666014861
48.45249368448427
46.18880080383026
49.95709710806076
52.67301366231582
48.712705193939705
53.41422553242381
54.23042981589434
54.10610180494398
53.906801856530585
54.97601399197599
55.9317710633881
57.015755831761474
55.16254940297883
54.653683247133806
53.14302510014299
53.26127994962907
52.68239228726281
53.29036476065672
53.94704568848072
54.973395444043774
55.41674107728169
53.7910982167608
43.766102176750074
55.65580573738003
58.60101397699004
58.576630384506586
51.79290836984431
47.14341071494216
43.99820790462975
44.10120230050696
47.94896653328684
47.04515440105438
46.58016419303161
48.85916619515498
46.91529519580147
41.023911667126754
46.80873865563429
48.91998887054444
43.08826471808544
48.437597550245904
52.248943103975016
52.050593901620324
50.724145612356864
50.427760518127755
50.263436886229236
51.60843431235597
51.54853805461765
52.62235244540773
52.405257600259915
53.14534772995211
52.52037126148881
51.09835272039776
50.281425817554165
50.568989926724164
53.197273350242455
51.33351994505359
51.48001638174048
52.42898941883321
53.35422301181869
52.81459743787918
52.841079755818285
52.00726198515215
47.321219714632846
46.72175590994673
44.43681810369547
44.978100124456496
42.2675343491795
38.15474373575619
37.68901576531698
37.88255510260266
40.61443554765287
42.11548653504814
44.70753751972349
49.17022853093926
44.79667908094219
41.54166863772885
39.92778809528719
41.50238795268457
41.493360477844924
43.740681833072806
45.638552143971076
45.04434705871481
47.62539920061371
44.20631044003264
47.24841501585297
47.16254388229854
47.649556860083564
48.06199036964425
52.604239896500125
50.029956621012765
53.76324670310603
55.24790752525041
55.3061374647074
56.162083856210174
57.261960121212944
56.180168555521355
55.50422447727471
54.16748707673668
53.38378398672002
53.63805607416928
53.732904081573174
54.55918766718793
54.313511966817146
51.997338594686035
52.04204240330059
43.2776724681395
42.5700577297876
58.88889648738008
56.13586169052189
52.66242544436434
50.78880982842638
48.732736822862606
51.121195184595834
50.909144718147594
51.828297237004584
55.180320080104266
51.49730997067291
50.743377926455764
50.602896643623765
46.74814479717343
50.51006314798961
47.682328298312854
50.23277319009679
49.594809006824704
52.06935883269136
52.12765575792157
50.65417916593605
52.38313192394895
51.46601000129881
49.83925460177437
49.16741081680572
55.46558266402221
55.089258853500645
54.92552333236951
54.22648844086222
53.02662443593879
51.497500541908835
51.558397832663324
50.938077515286196
53.417118765478605
52.274454138388236
52.58493857122207
52.78236391214695
52.970770520904715
52.71801219531862
52.996037154040806
52.39144886801314
49.37248979633183
45.9701770040201
45.79948830023464
44.712213856335566
42.57884539513922
38.83939101583256
37.678212032258244
38.384289536738734
39.25772537869605
38.89919655352705
39.61550782712113
44.92894069566673
44.399721044298815
41.428796676711684
40.625218047605266
41.398922284294095
43.036235276996905
44.025889442805244
44.95410839705369
44.41602168301059
46.679749381409955
45.76621039141194
46.271448680951444
46.3897420331467
47.88618803112614
47.18052924715973
48.11166496325505
47.98992566707983
50.315016223604694
49.126820170937016
52.77304394258653
54.002555319587685
54.06711658725554
55.5777076871655
55.14362207224923
55.55806589306186
55.469328741485064
50.366882662906654
53.2329336932744
53.008357920283125
54.17039295586816
50.319703272941005
49.95523938898229
47.83486838903053
58.87097421152468
55.409316358721114
50.51937880366036
52.55349734782405
53.47926876982592
54.542914993954504
55.856881409455376
57.09895796012865
54.38770544610509
51.49030570548962
51.29612590351123
49.59050714404077
44.241900689296195
47.75315036144528
51.88278150913049
53.17257951781071
52.7541607604786
50.850757251574294
53.7096621758405
53.366671186015544
53.83164662975726
54.79922482854129
55.3874301040647
53.68865111847922
52.30555045005597
52.14424277660168
52.802181545740474
53.01082943655611
52.95684334347622
52.32362900918595
52.582094290348984
51.86425089667473
51.802872101857126
52.42361392417819
49.15580149209723
49.18566507145026
51.079442392259395
51.932945647307776
51.62495332491504
51.30530502508183
51.37638992495624
47.04125263991899
45.08554144854825
45.77337010601936
42.26123655928346
40.36242382696878
41.51244711431505
40.46800089942994
39.2268392863877
40.73106523364414
43.161974559737736
44.49088365228122
46.47332011034145
45.90237525515196
46.51646272335099
46.26305230414064
45.2389372905791
44.650116071312695
45.57118470937228
45.75440880424622
45.24749256487712
46.46035217950471
47.210441103205596
46.1784550948421
47.4552006208281
50.06578983728737
50.04554570505751
47.73802065278714
47.909096695729396
49.32479815849112
54.07192993425351
52.675542482586096
55.87710269112812
56.39409894880824
50.917332692676574
48.93541323627554
46.805744127922544
51.77676332627567
52.69289260745799
52.601312833082496
51.77095800411462
51.14843128870341
53.47722758538631
56.45399571065131
56.1818698471844
54.97198819927338
53.17926672754081
56.88768485338324
50.24437677513044
51.254509418937744
48.17243324503155
53.733712409364635
53.336790339614105
50.18448953555157
46.54892065631437
50.240579274184334
49.890528222652875
50.970148723642495
55.845992009660286
54.02032118627253
54.540423329545675
55.44359035813742
54.25088004319072
54.215024856152624
53.817174563391795
52.83207547618348
53.11620314580118
53.37233184310728
53.37680903568751
52.37849226180931
52.02969739503608
50.632196425812026
48.75038194672627
48.44225309181818
51.74557581023622
48.92666588463015
48.80202188265129
50.997654410044476
50.39733743170762
49.932034254985474
50.78846250591629
51.02005897572741
50.83932906847094
49.04364084938783
47.72875759812561
46.2409284988912
45.15120117120581
44.16045115751091
40.933396644305276
42.28141265652411
43.72898970653041
44.78964045548823
46.27427655344919
46.768819725499924
47.49187347341209
48.390635845276755
46.58987809229809
45.47318247946181
44.9553623992976
43.33193206573048
43.503427274222794
44.91322763834232
48.35720738115163
48.34725419019954
48.79783388365518
49.78014791444946
53.50010560219653
50.023602228950864
50.90514390241017
51.333907466292
49.349451123955205
49.23007861679193
49.24728688215053
49.430946133861795
52.401369521261245
52.30166233161934
52.699252936928765
49.189917049970624
46.641630274152966
47.37317893782975
47.44186661736102
52.07868262516016
52.21509257036673
52.43286542051057
52.206596746266314
53.58183742955563
47.485021294922554
55.80759676508229
57.476716067982466
53.088027155454895
52.63372692011636
47.377152620496126
50.90630297033564
53.318293394322026
51.97590625519216
51.595566495134825
46.488686333686026
49.28097007709736
49.48788947968751
49.73100902281646
51.31407282647723
52.221821332219
53.926080558305905
53.68677504669509
53.04725941778554
53.5545609485654
53.799399334934826
54.35520624710965
53.971848461347825
53.15030332428292
52.709083856123556
52.917477675636015
52.32475159124848
51.945919528985364
50.75601722599406
48.81555735091756
49.391319148913155
50.58434795147046
51.415269589785275
51.91193346849118
51.579145982267946
51.69906636280497
50.844707966468754
50.11159264393346
50.38776826013024
50.64289455317638
50.90199876543071
49.28797376951753
48.844644984116634
48.47386616603047
46.96222378142677
45.629958244716946
44.30796928166883
48.39005591203959
47.6929860178136
49.37561697341014
48.55940058971696
46.85148024916329
47.43502134347564
48.53297948330592
45.61100614441268
44.61638789111876
43.336951662563685
43.52942080677158
44.83173829097802
45.07378762194466
47.80020748708834
50.63032998908034
49.778180244938376
50.75041103970586
49.71239270380771
50.38480788460074
52.10531307627513
52.788675546210435
51.517779444239764
53.04512452048379
51.35502088568568
51.37217271553484
47.71678360179106
44.19345850378226
46.795141301549094
49.87103989413209
53.12658332987463
50.30527437582512
51.00021102046707
51.846930505803755
47.7464710577679
56.123293801702104
55.58345811221033
51.536337029117625
45.432779173022205
52.33361577212221
43.21770264687702
50.85496650177549
50.2237491647718
49.21865481561119
49.81715129938786
50.62854617948985
50.30033914279639
50.79656470644237
51.05862427792429
51.84025127276817
53.49113595340222
51.80833207583256
46.05148600751734
54.404850213906485
54.54368867912415
52.98956591828859
53.78052339645276
53.8225334099158
53.52152101163156
53.31399246215172
52.795772056498
52.8024619279194
52.60002489363722
51.37713491722839
50.71395955406285
49.047592684530564
46.49806649152289
48.63245551297467
49.99057635161747
49.4836155989208
52.89041565167975
52.01941393167531
51.91518507304836
49.977145044593634
50.19928421098117
50.16835903576606
50.75228630024104
50.08786915695836
49.552793220568375
50.79062448402666
48.967534063662946
48.45768765816295
46.94246249943296
47.608085843312
48.547894931864725
50.42473770259746
50.445503208603775
50.29575739955862
49.99196251051821
49.468874704770485
46.19764819328178
44.021838429236446
42.94152615245416
42.08293087621211
43.833242068408616
47.53425438847444
50.24536247879669
52.8850510342297
52.701582734507284
48.9336721243305
49.03386275014582
52.62913252498965
52.89634346267967
51.47003013893025
49.238548319560444
46.699830708742866
46.487001135426496
46.94925263575531
50.32182154436836
51.35176387338247
51.71986813589808
51.52338384315743
50.06841142418372
51.734288369367526
49.82956354151061
54.03987242950592
56.16901810590808
54.35879328347357
48.925392831229026
44.57412148785932
53.89863091410412
49.86138155838343
48.05315655119264
40.68642293016246
49.32450794716016
51.070136356578764
52.25465029896106
53.28629488345768
53.80813664639011
51.12365151153885
51.04009429744322
50.907875981546745
52.18047961303461
51.71695515376013
52.29312158200761
51.12367681909861
55.416280011516285
54.4193783754899
53.62664827439855
54.438395826833705
52.01771258385301
52.787812349707686
53.54691761839846
53.72508262034208
52.52869334731933
52.83928010394973
52.5783469976443
52.89668725877207
51.84994324508176
49.945635227000864
48.590831346098476
49.38334608863396
49.181458611866105
50.38048847428639
50.332235008156616
52.60176195549291
52.679307922241605
51.261641208300176
50.54631982930853
50.33554936334216
50.780395939694635
51.65341018249866
51.00900656238271
51.25274368812205
51.509690566956145
50.979951967240126
48.15881677099296
48.06970429478878
49.42880607453905
48.97373940099021
50.07166153433176
50.44933800541003
50.89582628093373
46.924332986406604
42.30461633760874
41.27721010892347
43.46917072599903
44.16492392157432
43.0961946356189
46.1894876430334
51.95138743712862
49.194662419037805
49.22542597750078
52.941913032935275
53.2830462990211
51.519358813408914
52.9633896584839
51.07090256628492
50.871766606703765
50.29539407373029
49.99246459807125
50.11250070858566
51.72652629444019
51.81991103162891
52.282759441011514
52.15530787297782
48.060340641595396
49.729836247644066
47.27769747343441
47.68973588140205
53.034634350098656
50.23506073382722
53.07106703056759
53.09515045747939
53.252531133179474
52.54263246123571
52.04817341553821
52.335807730016995
53.47490995511381
52.615261327513
51.96724950665711
54.33934250518045
52.951416745394596
54.25538819351467
53.51741221765758
51.965026288062475
53.56705188476802
53.37912290709917
53.28986720290742
53.039625510624525
51.72252704974618
51.95960358702149
52.72356467772026
49.05107953409527
46.561126523614156
49.47220858599986
49.9580275682457
51.031118921858734
52.11365002946401
51.921400686615655
51.49783021678921
50.91310047625871
49.477361905987486
50.7945876203428
51.65454893126453
52.75250350072039
53.426153359695824
51.99896919625476
51.71063936162045
51.10333603583596
49.434124330156635
49.47669924484538
49.21448747692104
49.35081594934554
49.165633087421654
48.9952099531761
47.68317383985347
43.9566206323099
41.80805539910516
43.52709891547198
44.92034686165135
45.045226246295336
45.88733879623608
51.134937470765394
50.49356353058342
47.33344148478932
51.21940210757335
54.245979964311225
52.93499071827453
53.494716743853765
53.010167816350666
51.966677535273554
51.47171765349843
51.69384485297702
52.7589569389962
52.82683442877538
44.76420745999402
47.76548875915411
46.19453227737888
47.7882156758034
47.324259301981456
51.03281472402414
53.92451529352395
53.86526169229386
53.99074935663011
54.44487550051636
54.092656895485106
54.05362285960914
54.26927061968582
51.95827633315047
51.97607665110183
52.38705824025981
52.43422638760356
52.30451547078321
52.709557436269684
54.06534844832458
53.8101878932595
52.58345171420136
51.993723768409424
50.348619266194895
52.05931528406289
52.36153863416991
51.10033322227865
53.15939483574937
52.52080346532134
52.65105675175824
51.593203144597766
51.45951436484524
52.28302075357855
51.93134389628525
51.38911456589084
51.95240128661199
52.30624303189387
50.591572387259106
49.51066463339622
49.74837179376609
47.901729022277955
48.265273927903976
49.92785548836285
51.42950248457792
52.06934915364708
51.60753877018554
51.99697037867953
51.40360024101059
49.81686335565933
47.89297004435111
45.11604001812868
48.979929238361635
49.64145084946941
48.948890668667005
47.64988272166654
46.606023947653526
38.463634359907445
33.65617141401695
40.35170858431618
47.12686591953782
46.61137531948852
49.39607942231489
47.334121153057716
45.66749144993113
46.79673042943266
47.752914663111156
53.54119042564933
52.9206810045517
53.19678088191987
51.7978318417862
51.84345612281499
48.43583314159474
49.11874918574892
49.45246724676094
50.14473397045017
53.10694125130472
48.79671281440757
51.50909335001096
41.88044805635841
47.0848282805738
52.83397256492031
52.68106543005683
52.617412997953316
52.90678844794435
53.01727563349183
51.54752458223318
51.77062309411441
52.81093790414632
52.858961733014254
51.7771934856537
51.274274398769364
51.372181588868074
52.25906537830839
53.14923338124778
53.72566705431839
51.91425935234755
50.582600935410234
51.85345817274725
50.673496001868095
51.8161789104293
52.09224349847638
52.82147435965361
51.69647091970826
53.40618729124508
53.87558763076211
53.138285753731104
52.21999615209113
52.32981764417916
51.6081638381778
50.96998356238577
51.311414513677704
51.53406576635079
50.409183008361595
49.360619184832856
48.0857663155138
50.14638822201492
50.30567787908337
51.744131128747526
52.994499303638904
52.58716540179635
51.98369371502705
53.394638542976814
51.926679394873325
49.01695779182543
47.53811861634878
43.94955175503516
47.888485427096086
48.23851113386202
47.42845836459825
47.65572834103648
45.463309523551715
41.151854581710076
38.41656667680381
42.42330731484778
44.05130840654202
47.224478345963156
47.14385244557693
48.19295813569885
51.681394042832935
52.624716312884935
53.59300774332703
52.459357273808536
52.832967763567154
50.2551130853206
48.81757603706843
46.30768570111595
46.24666805115486
50.48137378717583
54.588859089708635
59.88487780121678
58.81114486803525
54.2623775441983
49.59270760395726
50.98721915151369
46.46778201745681
47.16265617352541
46.151016083909525
48.70321722659545
50.31810341699645
51.34509033985553
52.027940698187756
51.50192195876981
52.11321514753483
51.965046762700354
50.03167381925354
50.56663819221898
53.03533192099606
52.27617993252218
51.64656440729538
50.64061753819511
51.55277104072658
52.109854277308855
52.76161885740908
52.510911108281334
52.42103590118283
50.43436191816933
52.2483704983661
51.85981051996434
52.15704826695803
52.0726884022798
51.62524096054412
52.208608338252475
52.414558019889526
52.52119056295934
51.544183882678986
50.88346896071174
51.60841818901415
50.77550245948722
49.77551751241327
50.221975308419786
50.45835338327003
50.23615641091227
49.990462603628195
50.120110392411746
49.15952665030972
52.698706810619534
54.28726288298407
53.67394542042664
51.71088464472862
51.6091938414304
51.13364999813812
50.26560934758512
45.60163068852483
45.0716272528368
46.45184310285505
46.16543998463135
44.97433665715024
45.15028885055917
45.95023028548528
43.09769164162716
42.009000639644704
42.46484189843561
44.03636289334674
47.1199844525826
50.315698233815255
49.80998181414381
48.37324548344323
50.981679361066895
48.09832803854278
49.94801314320574
52.008120116626365
52.0568098774528
58.4606836006134
54.03665463415226
50.71767892796919
40.474280248645734
42.134917404366824
43.89974417800304
45.603140284576185
47.169947818028966
49.878416564922205
50.79639661524562
51.20100032969339
51.286874954910054
51.04165664981709
50.10528746894508
51.10196696015591
51.590048018566755
51.83321861354333
52.47515384708628
54.503087228243295
53.95841019871841
52.801789409356495
51.908680047090485
51.18199560839783
53.49944232205324
56.53501521053635
55.74609910542297
55.63252105631063
55.551829397365815
51.19568004836364
51.87335235863817
51.58566413605953
50.17184479890195
51.829319052511735
51.038235338803474
51.76541131213386
51.336337837672325
47.735607169381396
47.963485538959816
48.318472439547946
51.67981023579915
50.75373274417638
49.22070611575944
49.59536456858614
49.6813519036055
48.68929268109209
47.74514039666513
46.78269461930116
49.52306352674454
52.14632097636381
52.28802522923407
50.49562325682737
50.23658497712255
48.32738464260907
48.39253360379161
44.104949951079114
41.45548707499721
45.16719521995603
46.61246756377541
46.31910505605072
45.859829137919505
46.20787248583321
44.513958555870076
42.427041769056395
41.596663802914044
45.01893245899053
49.864918514738186
49.794935158118356
49.619102836622794
49.378743435425484
50.298039929888375
50.75069966355192
50.22218141529081
50.704117483628856
48.289511350582366
58.95483156290204
55.4269805825663
53.97210671066006
53.01116819