1.23702321102
0
0
0
0
0
0
0
0
0.985837092828
0
0
0
1.41016015626
0
0
0
0
0
0
0
0
0
0
0
0
1.37419640572
0
0
0
0
0
0
0
0
1.22636754579
0
0
0
0
0
0
0
0
1.19523378361
0
0
0
0
0
0
0
0
1.18576942395
0
0
0
0
0
0
0
0
0
0
0
0
0
0
2.54885874717
0
0
0
0
0
0
0
0
0
0
0
0
0
1.30096378669
0
0
0
0
2.43408401876
0
0
0
0
0
1.16260975434
0
0
0
0
0
0
0
0
0
1.40866682709
0
0
0
0
0
0
0
0
1.85171861275
0
1.43721446209
0
0
0
0
0
0
0
0
0
0
0
1.33461552225
0
0
0
0
0
0
0
0
1.95290291955
1.72010789965
1.33541485059
1.20761970369
0
0
0
0
2.68803814773
0
0
0
1.70795728391
1.52749294166
0
1.29290415085
0
0
0
0
2.69111558613
2.09141919345
2.08024930815
0
1.93962477513
1.37339279824
0
1.28647336779
1.76509566432
0
0
0
0
0
2.20012426218
2.17471762041
0
0
1.7656550218
0
1.24428720907
0
0
0
0
0
0
0
2.31974149594
2.20119476578
1.96239353898
0
1.68888690581
1.37461058475
0
0
0
0
0
0
0
0
2.21482961255
2.43729457698
2.17126130628
0
1.56863469979
1.37437367608
0
0
0
0
0
0
0
2.74052541582
2.05818360129
2.64673462431
0
1.95653387695
0
0
1.51969878216
1.82827665436
0
0
0
0
0
0
2.39318742702
2.34896898427
3.00629151274
2.46968713073
2.02158869643
1.65277030834
1.53556027481
1.37913454466
1.91730371056
0
0
0
0
0
0
2.59133948433
2.58888728897
2.31629706349
2.07395756097
0
1.43740041116
1.57609356817
1.82880513805
2.22979485999
0
0
0
0
0
3.58309436505
2.45446937013
2.52464255335
2.77175549948
2.23830808027
0
1.45242880701
1.65890538342
2.01151391317
2.32809312512
0
0
0
0
0
3.23224708716
2.69140240328
2.50603060701
2.71676250669
2.46300711479
2.18640143941
1.63100345029
1.61463787657
2.1356523418
2.10588158867
0
0
0
0
0
0
2.92705107255
0
0
2.91613682557
0
1.86375654903
1.65231023686
2.12375118865
2.14038302334
1.82272012234
0
0
0
0
0
4.13609545908
0
2.66255243286
2.51065685468
0
1.97410527765
1.77429458857
1.69463740488
1.81952574852
1.89202677032
2.58322152885
0
0
0
0
3.94253895453
0
2.89225556137
2.51667651356
2.91477364163
2.09334630131
2.36254205877
1.87886746268
2.32819882376
2.08736812746
0
0
0
0
0
3.88232622588
2.93930300968
0
0
2.76538309667
2.93845116954
2.35518285668
1.84104043264
2.67164978046
2.01392249642
2.04988181676
1.6928613516
0
0
0
4.27767932295
3.888947612
0
2.67994694102
2.4689674413
0
2.43959049644
2.22183776389
2.22353234275
2.7328205683
2.11698231783
2.08623792467
0
0
0
0
3.6115530601
2.8056650493
0
2.72636976938
2.339204903
0
2.48141705393
1.7070688266
2.77751659671
2.33894073961
2.22864235794
0
0
0
0
3.74526295216
3.18957781557
0
2.93731876979
3.36141130253
0
2.16308075208
2.61387016628
2.18833356648
2.35468879812
2.45490686135
0
0
0
0
0
3.6750061676
3.25773141061
2.86406246067
2.66742171291
0
2.5601515588
2.43694098363
2.28310760527
3.05652346861
2.17763090983
2.24710360517
0
0
0
0
3.13284182277
3.41562475777
3.26643328946
2.93439219609
0
0
2.18868938891
2.00654355593
3.05667173542
2.42094569288
2.26698167377
0
0
0
0
0
3.84542622495
3.42982026715
3.30205280637
3.19674881899
0
2.33338494431
2.27634782664
2.39998507235
3.31939986719
2.53560933744
1.93616319238
2.28770401441
0
0
0
3.25317298061
3.34223936302
3.65352020535
3.21647856428
0
2.51482279136
2.99214917277
2.57652831176
2.85631496143
2.6513314575
2.6783309214
1.87966719883
0
0
0
0
3.63037009665
3.40231868857
2.65201071799
3.07679686297
3.16979904134
0
2.19051904714
2.17338342987
2.88442588591
2.78834428035
1.92771882191
2.41601717986
0
0
0
3.16700647653
3.086155882
2.6628183401
2.70703636572
3.66132429916
2.79759722317
2.79396711
2.30083429327
2.80223053053
3.04625432017
1.86661530051
1.82772385683
0
0
4.36121654359
5.02996110905
3.13729338582
3.134283014
2.82959871164
3.08789423811
3.33604399407
0
2.73119347318
2.31832396205
2.54000664013
2.90891607968
1.5101226683
0
0
4.5775057506
4.07247832487
3.0738183687
3.06460110076
2.66608072295
3.16211113662
3.88867144362
3.17740516443
2.56111118795
2.01667451091
2.49735735082
2.92580162813
0
0
0
0
3.84763516733
3.2620649438
2.82951240443
4.07765614078
3.61306352329
3.70384944501
0
2.67604661051
2.80855829719
0
0
0
0
4.6191335342
3.52150480974
2.66083509132
3.44747017761
3.69231083975
3.71389724127
1.91030307946
2.18489911662
2.98164570047
0
0
0
0
0
3.01554301913
2.88831486988
3.43514295484
4.13279226475
3.4500082326
2.5157463705
2.29110679815
2.92810068358
0
0
0
4.38752445085
4.22679043633
3.00281230032
3.04707365762
0
4.25925041418
2.97831989715
2.46289869284
3.00062995583
0
0
0
5.44853663121
4.67672653709
3.15654664109
2.8126809103
3.09125317149
3.9856351198
3.39705075933
2.06062425305
0
0
0
0
4.81511038311
4.17395337916
3.74510878193
2.97598320376
3.65761088954
3.79727963295
3.58301246419
2.72050666702
2.59888109887
2.70926250678
0
0
4.73115914554
4.52037766038
4.01666727342
2.84076478474
3.49871732254
3.76679618327
3.54693342208
3.02089291833
2.73995730888
2.82335922965
0
0
0
5.06262831439
4.05587440188
3.57673024333
3.81337978817
3.43020861517
3.69247497042
3.75468672927
2.25802939236
3.04850324343
2.65944613007
0
0
4.79256200531
3.43134684904
3.71968886362
3.72763257227
4.21114893345
0
3.05756779907
3.32109727448
3.18849435417
0
0
0
0
5.02705007417
4.17538637389
3.68575569681
3.46906790562
0
4.57063228589
3.98600718486
2.56801994204
3.05141895465
3.81857381528
0
0
0
4.92017100693
3.90373123649
3.7841480449
3.80279014412
0
3.79756842634
3.12210506618
0
3.70015231081
3.10128241268
0
0
4.40389523103
4.53604774741
3.30377526729
3.60484660268
3.43270126725
0
3.4395373027
0
3.74154853844
3.21816407675
0
0
0
4.99169636328
5.02303641333
3.82359111259
2.98200247664
0
4.33284181613
3.62345317901
2.66103137333
3.30438516215
3.1566548848
0
0
0
5.38514452882
4.07296166673
3.62456957951
0
0
0
0
2.46493620982
3.6366077213
0
0
0
4.27277446695
4.58286839222
3.69587711168
3.27995591083
0
0
4.35618284033
3.08399508513
3.80238700235
2.2687457075
0
0
0
0
3.51110871172
3.3633390987
3.30218058707
0
0
4.28350672045
0
0
2.7078840608
0
0
0
0
3.87489683099
3.48123409143
3.20188457734
0
3.65788355659
3.11873090522
2.71742371893
3.16620831231
0
0
0
5.09193714039
0
3.53988783245
3.48376676767
0
0
4.12869286883
2.06917278746
3.62974300125
3.29953612361
0
0
4.93751847703
4.67319269218
4.57285298035
3.91335203616
0
0
0
2.33535947131
0
3.6178226878
0
0
5.48756371101
5.91516182646
4.36903555453
3.98043703445
0
0
0
2.1608462396
0
4.20964417827
0
0
5.68742706685
6.10575095073
5.02111332788
0
0
0
4.79383402688
0
0
0
0
0
5.32885432228
6.44488733887
5.00669116033
4.10212427281
0
0
0
0
0
0
0
0
5.69798576045
6.33589077103
5.59311194154
4.02270791041
0
0
0
3.38114002269
0
0
0
0
0
5.48944726222
5.57278445056
0
0
0
0
4.17418323412
0
0
0
0
0
6.10576245391
5.71713427419
0
0
0
0
0
0
0
0
0
0
5.62190618655
5.9539324483
0
0
0
0
4.17886177724
0
0
0
0
0
6.66666665679
5.81847955548
0
0
0
0
0
0
0
0
0
6.66666669967
5.95305288503
0
0
0
0
0
0
0
0
0
0
6.04816998245
5.30455141518
0
0
0
0
0
0
0
0
0
6.66666666865
4.19102556427
0
0
0
0
0
0
0
0
0
6.66666663527
0
0
0
0
0
0
0
0
0
0
6.66666665839
0
0
0
0
0
0
0
0
0
0
0
0
0
0
0
0
0
0
0
0
0
0
0
0
0
0
0
0
0
0
0
0
0
0
0
0
0
0
0
0
0
0
0
0
0
0
0
0
0
0
0
0
0
0
0
0
0
0
0
0
0
0
0
0
0
0
0
0
0
0
0
0
0
0
0
0
0
0
0
0
0
0
0
0
0
0
0
0
0
0
0
0
0
0
0
0
0
0
0
0
0
0
0
0
0
0
0
0
0
0
0
0
0
0
0
0
0
0
0
0
0
0
0
0
0
0
0
0
0
0
0
0
0
0
0
0
0
0
0
0
0
0
0
0
0
0
0
0
0
0
0
0
0
0
0
0
0
6.66666667172
0
0
0
0
0
0
0
6.02172174501
0
0
0
0
0
0
6.45104371052
0
0
0
0
0
0
0
5.58428425841
0
0
0
0
0
0
0
6.66666663927
0
0
0
0
0
0
0
0
0
0
0
0
0
0
0
0
0
0
0
0
0
0
0
0
0
0
0
0
0
0
0
0
0
0
0
0
0
0
0
0
0
1.19194685416
0
0
0
0
0
0
0
0
0.913890775127
0
0
0
1.25849117556
0
0
0
0
0
0
0
0
0
0
0
0
1.30910842599
0
0
0
0
0
0
0
0
1.17733002019
0
0
0
0
0
0
0
0
1.14765033489
0
0
0
0
0
0
0
0
1.11618343979
0
0
0
0
0
0
0
0
0
0
0
0
0
0
2.23569533108
0
0
0
0
0
0
0
0
0
0
0
0
0
1.28511347088
0
0
0
0
2.14222984022
0
0
0
0
0
1.15238661035
0
0
0
0
0
0
0
0
0
1.34654421558
0
0
0
0
0
0
0
0
1.84796687906
0
1.37298070429
0
0
0
0
0
0
0
0
0
0
0
1.30547986362
0
0
0
0
0
0
0
0
2.00946470667
1.59843802532
1.36582829827
1.20266487711
0
0
0
0
2.83385373242
0
0
0
1.60324401784
1.42686842838
0
1.2688275564
0
0
0
0
2.59576806242
1.89190859709
1.9769710827
0
1.85919947721
1.19135927667
0
1.20158367394
1.77747105969
0
0
0
0
0
2.01933867921
2.07847898835
0
0
1.6555225533
0
1.13583024714
0
0
0
0
0
0
0
2.08528080963
2.03148013388
1.97450046358
0
1.59340396555
1.33899087203
0
0
0
0
0
0
0
0
2.02765166902
2.32484754749
2.24534427495
0
1.46715066752
1.30996836325
0
0
0
0
0
0
0
2.57889274726
2.14327302393
2.5479447552
0
1.94368557978
0
0
1.47586444767
1.87138382792
0
0
0
0
0
0
2.3481215196
2.32540658678
2.82320700219
2.4958436002
1.92825362864
1.54096576469
1.3693528331
1.29358641377
2.02482626166
0
0
0
0
0
0
2.50398601096
2.57893832556
2.20930016388
2.13084413426
0
1.37324113762
1.53030126513
1.70467826196
2.42167191784
0
0
0
0
0
3.34830193369
2.37995660926
2.41027390355
2.67447040766
2.21717677516
0
1.33803255198
1.50718102788
1.96627096056
2.38856837799
0
0
0
0
0
3.37754499361
2.52478746204
2.50635942235
2.69599325277
2.32272679922
2.18156805746
1.47834731724
1.56530604248
2.22556945701
2.21435077143
0
0
0
0
0
0
2.97488019474
0
0
2.7796404079
0
1.5895382061
1.6041351327
2.12282476359
2.180823906
1.78036377284
0
0
0
0
0
4.17099498035
0
2.49477670817
2.46806953716
0
1.77304728215
1.68021437481
1.6376808316
1.81302860905
2.00913845218
2.58359642394
0
0
0
0
3.92134759049
0
2.6668271317
2.35781989165
2.77309246418
1.97853934263
2.37845813504
1.7731668375
2.24384436163
2.22312702947
0
0
0
0
0
4.01379415187
3.06796382813
0
0
2.75950003562
2.79946201972
2.40682069159
1.74246444056
2.6174039895
2.04805498379
1.97350990051
1.67238153354
0
0
0
4.38122820615
4.14765920915
0
2.50735825309
2.33779349016
0
2.46330370282
2.08082245076
2.15555493315
2.60887139359
2.26869896859
2.10524818607
0
0
0
0
3.87363676317
2.89346319057
0
2.44518626125
2.1128719535
0
2.42366717816
1.48022253612
2.81565153384
2.35195177803
2.25762894264
0
0
0
0
4.03077680934
3.44536400076
0
2.46149919339
2.97784469415
0
2.16022673455
2.40811243
2.02427236231
2.41382890374
2.52424344197
0
0
0
0
0
3.74322482462
3.33399846431
2.52045051013
2.56916957544
0
2.41727457429
2.23293787835
2.15983849642
3.19421564765
2.30647296017
2.27975349826
0
0
0
0
3.34276888784
3.51917746395
3.27036398644
2.69017297423
0
0
2.22537331221
1.74581665025
2.92625750902
2.48952147971
2.22159384725
0
0
0
0
0
4.08278657046
3.50719531633
3.20088312428
2.97614757067
0
2.19486513447
2.10499280795
2.4165371734
3.31517267575
2.69850951619
2.01472061454
2.33416175187
0
0
0
3.39155972849
3.33406082763
3.8795253967
2.97290050372
0
2.29557707585
2.98794441235
2.52571880673
2.82618342336
2.68648790558
2.77693583443
1.78926207785
0
0
0
0
3.90287103681
3.51580193484
2.63421438955
3.15096363723
3.05194194347
0
1.98988407101
2.22608406203
2.84283045651
2.98864197565
1.95394853315
2.33746291717
0
0
0
3.45948527319
3.08456641582
2.75509506585
2.69962850396
3.53244062489
2.56110036991
2.70417119375
2.31100803112
2.84114710158
3.16953644422
2.02749262767
1.85655513198
0
0
4.61344696568
5.38600094186
3.3721841572
3.31706466154
2.93228054672
3.11239879143
3.33102325355
0
2.52083038882
2.25370955826
2.7233983955
2.99781065842
1.46957863613
0
0
4.89980089955
4.5034951773
3.12783549169
3.21401718932
2.7457518419
3.00137159122
3.80561313793
3.0159277266
2.36362961882
1.97866208045
2.69315655071
3.05305320121
0
0
0
0
4.25161515495
3.25947888811
2.8259407386
3.96923412488
3.52843889521
3.65470597532
0
2.64780409068
2.97144688586
0
0
0
0
4.95130827967
3.68905204438
2.85935615606
3.44584153472
3.79662486736
3.48176204493
1.92751780797
2.17181394216
3.2251818459
0
0
0
0
0
3.18021424783
3.03200225077
3.44598902118
4.29733222814
3.52596220244
2.65990891932
2.41752946051
3.07541122214
0
0
0
4.69080776831
4.40506632352
2.97551587299
3.16762850651
0
4.53720749127
2.83316555971
2.46291671017
3.14550161411
0
0
0
5.67363517356
4.99601222251
3.27184495393
3.03569644129
3.30555562923
4.15591769621
3.40077538604
2.08929424819
0
0
0
0
4.91680553668
4.48999840141
4.04805506351
3.07181041965
3.78777576045
3.85076610268
3.6883423002
2.71197375367
2.71554170724
2.78148134412
0
0
5.09283814065
4.81314009382
4.16063618941
3.04546009507
3.67350837264
3.92609180675
3.61293647382
2.96485096617
2.84762845976
3.08660308285
0
0
0
5.41629520933
4.25426230615
3.81286774604
4.04000410169
3.5580228322
3.80220453032
3.83222303143
2.27975008637
3.31390307612
2.77182359991
0
0
5.05061448875
3.66802841726
3.93604700699
3.80469116118
4.55313677115
0
2.95336810215
3.20355511722
3.45606122432
0
0
0
0
5.19479847326
4.48563289077
4.10797317433
3.60540202162
0
4.71398080869
4.18333732962
2.3865017938
3.38680411105
4.00536115171
0
0
0
5.10955205249
4.09752054531
3.97305290938
3.96399732118
0
3.87695271566
3.40842603177
0
4.02264198515
3.23434632487
0
0
5.05892044509
4.65087070842
3.68422246518
3.86936583637
3.49362134783
0
3.49529923168
0
3.84398628464
3.42275565172
0
0
0
5.19299764556
5.2378048051
4.21401054209
2.93586940442
0
4.39683393698
3.77427444418
2.59898796229
3.40840806806
3.19955249774
0
0
0
5.43206353659
4.4549616806
3.77275369825
0
0
0
0
2.55143403945
3.71765686109
0
0
0
4.73321049853
4.85497383046
3.88115453793
3.35599266309
0
0
4.37381143644
3.05359371895
3.74961382597
2.39687508435
0
0
0
0
3.60452850562
3.41384695025
3.20748351692
0
0
4.35427019962
0
0
2.90987236892
0
0
0
0
3.81354866658
3.50986753819
3.2237096239
0
3.66996070176
3.18783701015
2.61952199381
3.30354585549
0
0
0
5.23934839025
0
3.6092462872
3.51294681876
0
0
4.32311761907
2.10391133421
3.71671732775
3.4433081631
0
0
5.33054168095
4.84291214736
4.9451813298
3.97348734387
0
0
0
2.22521048571
0
3.77469937124
0
0
6.00898496251
6.20820412513
4.59423818932
4.04569418075
0
0
0
2.13400343209
0
4.29791880166
0
0
5.98923451397
6.40591279749
5.00818976345
0
0
0
4.9965157873
0
0
0
0
0
5.77288896596
6.49340341234
5.10561624601
4.10134146978
0
0
0
0
0
0
0
0
6.18973313088
6.33589077103
5.65850803692
4.06054610896
0
0
0
3.66237664654
0
0
0
0
0
5.83325765005
5.88923162243
0
0
0
0
4.29226731511
0
0
0
0
0
6.10576245391
5.82992732605
0
0
0
0
0
0
0
0
0
0
6.36941952094
5.96236055957
0
0
0
0
4.65378250041
0
0
0
0
0
6.66666665679
6.14843159235
0
0
0
0
0
0
0
0
0
6.66666669967
6.1650310483
0
0
0
0
0
0
0
0
0
0
6.38748530551
5.53931203201
0
0
0
0
0
0
0
0
0
6.66666666865
4.20970679758
0
0
0
0
0
0
0
0
0
6.66666663527
0
0
0
0
0
0
0
0
0
0
6.66666665839
0
0
0
0
0
0
0
0
0
0
0
0
0
0
0
0
0
0
0
0
0
0
0
0
0
0
0
0
0
0
0
0
0
0
0
0
0
0
0
0
0
0
0
0
0
0
0
0
0
0
0
0
0
0
0
0
0
0
0
0
0
0
0
0
0
0
0
0
0
0
0
0
0
0
0
0
0
0
0
0
0
0
0
0
0
0
0
0
0
0
0
0
0
0
0
0
0
0
0
0
0
0
0
0
0
0
0
0
0
0
0
0
0
0
0
0
0
0
0
0
0
0
0
0
0
0
0
0
0
0
0
0
0
0
0
0
0
0
0
0
0
0
0
0
0
0
0
0
0
0
0
0
0
0
0
0
0
6.66666667172
0
0
0
0
0
0
0
6.29947469635
0
0
0
0
0
0
6.4829698954
0
0
0
0
0
0
0
5.68311240535
0
0
0
0
0
0
0
6.66666663927
0
0
0
0
0
0
0
0
0
0
0
0
0
0
0
0
0
0
0
0
0
0
0
0
0
0
0
0
0
0
0
0
0
0
0
0
0
0
0
0
0
1.40076632639
0
0
0
0
0
0
0
0
1.0496631356
0
0
0
1.44080594385
0
0
0
0
0
0
0
0
0
0
0
0
1.44324513119
0
0
0
0
0
0
0
0
1.34764593177
0
0
0
0
0
0
0
0
1.29435217662
0
0
0
0
0
0
0
0
1.33165012371
0
0
0
0
0
0
0
0
0
0
0
0
0
0
2.60796750392
0
0
0
0
0
0
0
0
0
0
0
0
0
1.50585178417
0
0
0
0
2.49726200366
0
0
0
0
0
1.35608507151
0
0
0
0
0
0
0
0
0
1.52762866987
0
0
0
0
0
0
0
0
2.28595018199
0
1.51405122213
0
0
0
0
0
0
0
0
0
0
0
1.46351655222
0
0
0
0
0
0
0
0
2.34215769012
1.94794965089
1.4414733758
1.37436130198
0
0
0
0
3.18410449312
0
0
0
1.97623951612
1.56829438421
0
1.47860325794
0
0
0
0
3.14551347812
2.16457163988
2.28517033896
0
2.35872693759
1.38223806607
0
1.31129363721
2.04771989636
0
0
0
0
0
2.16751364757
2.47103865949
0
0
1.88448319923
0
1.27209236395
0
0
0
0
0
0
0
2.31382734068
2.3812474511
2.33628613331
0
1.72461643721
1.42947283782
0
0
0
0
0
0
0
0
2.14202295825
2.72359464705
2.66907426817
0
1.64978743635
1.29843703722
0
0
0
0
0
0
0
2.94149623176
2.18570710382
2.83105308542
0
2.31367858013
0
0
1.66056441925
2.1500314872
0
0
0
0
0
0
2.50940704052
2.45369003222
3.07766084952
3.00279322543
2.2814953805
1.77825247142
1.59825329407
1.4878472212
2.31825940448
0
0
0
0
0
0
2.5959310065
2.71611920629
2.59438770473
2.44081676243
0
1.49166424499
1.73831638123
1.94753790349
2.83937061847
0
0
0
0
0
3.60460209783
2.59908419351
2.69165091626
3.13710415517
2.60908383199
0
1.52587644937
1.79758801462
2.41079065115
2.843494838
0
0
0
0
0
3.92886521441
2.96006746898
2.77145831681
3.05763855028
2.75324613845
2.467724497
1.62007961787
1.76912796194
2.71406239943
2.70033628678
0
0
0
0
0
0
3.3064336368
0
0
3.22262747416
0
1.84047847149
1.8955422518
2.53226260336
2.72966185928
2.1592875347
0
0
0
0
0
4.97738820578
0
2.62457293595
2.85193527793
0
2.01913021368
1.81406937327
1.93976284558
2.32824674091
2.37934491691
3.04169835594
0
0
0
0
4.60296906104
0
2.75962090598
2.67162740254
3.16121975944
2.39092719467
2.61613159202
1.98347842063
2.69884335005
2.64727367157
0
0
0
0
0
4.86375576167
3.62557295232
0
0
3.07799979704
3.28316472069
3.05652538868
1.8999338361
2.99582404173
2.44203528753
2.24796154291
2.02199989233
0
0
0
4.85351237961
4.90173902909
0
2.65920332259
2.91565052745
0
2.73454497799
2.44694223067
2.48838675175
3.13823106392
2.64491569526
2.67000035374
0
0
0
0
4.58595987751
3.4296868493
0
2.86479319801
2.31116994448
0
2.84004644669
1.64067881438
3.20952807045
2.88155084217
2.74979825532
0
0
0
0
4.61131631071
4.01911319861
0
2.75286875304
3.50028172446
0
2.57092226408
3.0186489363
2.35929519301
2.89597553666
3.02417782179
0
0
0
0
0
4.60693278953
3.53190215466
2.85662499495
2.89614049259
0
2.79280257045
2.60387001081
2.64767235138
3.6860772992
2.92332636123
2.75588919907
0
0
0
0
3.88252178424
3.96653174293
3.61244318584
3.09683329064
0
0
2.57477709178
2.20001545175
3.69609299338
2.82699347567
2.60930309541
0
0
0
0
0
4.90652737545
4.13542212915
3.76089583738
3.05221755366
0
2.53399798912
2.32395399321
2.88191595429
3.73575965084
3.23709617769
2.37563635508
2.79063081577
0
0
0
3.84842853674
3.8270217669
4.56507209914
3.56565817559
0
2.6045235135
3.4732019705
2.82461044633
3.23569312929
3.12642679909
3.17153514091
2.0527561155
0
0
0
0
4.43925455926
4.17826416748
3.10950948334
3.67034560944
3.46539030796
0
2.27943056015
2.42027911648
3.25086361603
3.58102815567
2.34090046848
2.84264750417
0
0
0
4.09469077567
3.58765156719
3.24811731739
3.1252774754
3.86908960232
2.78537627493
2.94301872119
2.57341580685
3.24242567653
3.8889004199
2.6804550758
2.16250552329
0
0
5.30304573568
6.08813234355
3.91652799067
3.84781349024
3.48893295391
3.645255719
3.800188808
0
2.81060214563
2.65658632567
3.42581373815
3.67791623421
1.60650880253
0
0
5.55282368279
5.38716031199
3.67767589944
3.64114013916
3.39518447809
3.43393763788
4.26234063628
3.57826622726
2.64145798187
2.4275031677
3.37339527996
3.57048705507
0
0
0
0
4.96507163156
3.93067425365
3.39640857286
4.55818126164
4.19912751214
4.30061178384
0
3.37623294524
3.77052323605
0
0
0
0
5.69048686656
4.3237627797
3.50997751602
4.03852864741
4.45800301953
4.34415626702
2.23066022999
2.68353046699
4.02250440277
0
0
0
0
0
3.73409817785
3.73332871844
4.12414964471
4.83854275099
4.31195167826
3.03878685802
2.87955167485
3.80358627423
0
0
0
5.17109183567
5.00263066124
3.4764137835
3.63290946168
0
5.32769351068
3.24263989942
2.86323610768
3.89796883551
0
0
0
5.94626788327
5.62012527937
3.69607266751
3.51001123803
3.83642515261
4.93292454635
4.25452483383
2.29819071483
0
0
0
0
5.21598769278
5.16586293901
4.55360504632
3.41357379456
4.14525431865
4.52910784054
4.4148349182
2.8548682995
3.25671367912
3.45739074206
0
0
5.31003330314
5.47965739309
4.85660583563
3.44073956513
4.15528576593
4.36501985387
4.1833134515
3.61032912357
3.4028220254
3.77265246461
0
0
0
5.8976335298
5.02077342607
4.40123623626
4.44069759448
4.36622197813
4.7189349255
4.49324853506
2.5969410444
4.06292268102
3.56490123569
0
0
5.58921202048
4.21704406493
4.63681317239
4.38750865718
5.05787281998
0
3.39984218506
3.50243517621
4.11102209678
0
0
0
0
5.95750919173
5.20484289901
4.58373639395
3.94553430331
0
5.35340400927
4.77616510854
2.68217849089
4.25191230152
4.78422373037
0
0
0
5.39241742243
4.86564983514
4.49249485333
4.37379292905
0
4.4736583889
4.14103191243
0
4.97462445496
3.89980738042
0
0
5.39013159483
5.43515833322
4.54374163913
4.46735555743
4.00290694352
0
3.96411372727
0
4.62839264635
4.22208630557
0
0
0
5.58071627237
5.7487396616
4.89806533351
3.17952354531
0
4.79503165699
4.3046947662
2.8625286478
4.12168515153
4.02714068672
0
0
0
5.60579339477
5.05680490179
4.32025746793
0
0
0
0
3.18479253988
4.26880282543
0
0
0
4.96350071338
5.61824261307
4.48532822159
3.99888533427
0
0
5.02874612833
3.27095192045
4.51387935813
2.95621249016
0
0
0
0
4.10715275618
4.03135164935
3.71922687326
0
0
4.84993647886
0
0
3.63834927139
0
0
0
0
4.26553205656
4.1398560714
3.60369852134
0
4.17083821465
3.67656789173
2.98109297553
3.95938177225
0
0
0
5.8243831394
0
4.20213654626
4.0943467875
0
0
4.96420324468
2.43222565744
4.53400605743
4.06456428619
0
0
5.9484218208
5.43548296039
5.57688270889
4.6023066699
0
0
0
2.53360458462
0
4.44317398871
0
0
6.25559993804
6.51966821157
4.98888262072
4.63507845032
0
0
0
2.47843775567
0
4.7185390549
0
0
6.271132791
6.50101489153
5.48026673766
0
0
0
5.61674444704
0
0
0
0
0
6.24468368854
6.49340341234
5.60640078751
4.59136235272
0
0
0
0
0
0
0
0
6.66666667781
6.33589077103
6.09048333647
4.67875531562
0
0
0
4.26966134924
0
0
0
0
0
6.2529247013
6.3851098279
0
0
0
0
4.48296064325
0
0
0
0
0
6.25727138074
5.88126936675
0
0
0
0
0
0
0
0
0
0
6.66666665637
6.36658897324
0
0
0
0
4.88312651919
0
0
0
0
0
6.66666665679
6.61708885929
0
0
0
0
0
0
0
0
0
6.66666669967
6.66666670277
0
0
0
0
0
0
0
0
0
0
6.38887326537
5.9552516585
0
0
0
0
0
0
0
0
0
6.66666666865
4.92036979992
0
0
0
0
0
0
0
0
0
6.66666663527
0
0
0
0
0
0
0
0
0
0
6.66666665839
0
0
0
0
0
0
0
0
0
0
0
0
0
0
0
0
0
0
0
0
0
0
0
0
0
0
0
0
0
0
0
0
0
0
0
0
0
0
0
0
0
0
0
0
0
0
0
0
0
0
0
0
0
0
0
0
0
0
0
0
0
0
0
0
0
0
0
0
0
0
0
0
0
0
0
0
0
0
0
0
0
0
0
0
0
0
0
0
0
0
0
0
0
0
0
0
0
0
0
0
0
0
0
0
0
0
0
0
0
0
0
0
0
0
0
0
0
0
0
0
0
0
0
0
0
0
0
0
0
0
0
0
0
0
0
0
0
0
0
0
0
0
0
0
0
0
0
0
0
0
0
0
0
0
0
0
0
6.66666667172
0
0
0
0
0
0
0
6.50527724896
0
0
0
0
0
0
6.58239072261
0
0
0
0
0
0
0
5.53358123875
0
0
0
0
0
0
0
6.66666663927
0
0
0
0
0
0
0
0
0
0
0
0
0
0
0
0
0
0
0
0
0
0
0
0
0
0
0
0
0
0
0
0
0
0
0
0
0
0
0
0
0
3.00053217874
0
0
0
0
0
0
0
0
2.40942615749
0
0
0
3.20556076248
0
0
0
0
0
0
0
0
0
0
0
0
3.20710332159
0
0
0
0
0
0
0
0
3.03371652413
0
0
0
0
0
0
0
0
2.88881782728
0
0
0
0
0
0
0
0
2.88995718436
0
0
0
0
0
0
0
0
0
0
0
0
0
0
5.20407598274
0
0
0
0
0
0
0
0
0
0
0
0
0
3.23990711897
0
0
0
0
4.70267339563
0
0
0
0
0
3.22879588363
0
0
0
0
0
0
0
0
0
3.56066692329
0
0
0
0
0
0
0
0
3.76661218982
0
3.56005394129
0
0
0
0
0
0
0
0
0
0
0
3.61847132907
0
0
0
0
0
0
0
0
4.26830535079
4.04466792926
3.46742091765
3.34110173972
0
0
0
0
4.66911715996
0
0
0
3.96803596678
3.76801408754
0
3.24349485002
0
0
0
0
4.74014956705
3.83815849032
4.3940423898
0
4.35827449894
3.41357135519
0
3.02240678327
4.1617342395
0
0
0
0
0
4.31154642244
4.62702486253
0
0
4.15904139964
0
3.02441368744
0
0
0
0
0
0
0
4.61121215527
4.35344656451
4.59930476749
0
4.11633679995
3.37304002399
0
0
0
0
0
0
0
0
4.42372979223
4.5869375211
4.98254061494
0
3.91695495294
3.31286216018
0
0
0
0
0
0
0
4.63159356456
4.09777024941
4.74260626144
0
4.55595293375
0
0
3.76623487249
4.39906845167
0
0
0
0
0
0
4.76975660989
4.58215395401
5.14666129756
5.11651270831
4.51726966266
3.98512242169
3.60301971877
3.5912996265
4.18292892623
0
0
0
0
0
0
4.78083129244
4.72486202598
4.49526737681
4.69505752412
0
3.60786874854
3.86006639127
4.14210201157
4.74916473812
0
0
0
0
0
5.4534209606
4.53582261247
4.66841608732
5.14598859954
4.6639993217
0
3.59569640755
3.7875358442
4.29098151053
4.41514965594
0
0
0
0
0
5.22067194966
4.63243556103
4.8616594601
4.99515332022
4.56087268027
4.67869788993
3.68765596358
3.82298747014
4.473286245
4.41514971047
0
0
0
0
0
0
4.81543378214
0
0
5.09374461948
0
4.04988912298
3.86948260379
4.41813108639
4.29739390821
3.87566802576
0
0
0
0
0
6.10733372115
0
5.06251597319
4.81634855645
0
4.42177823361
4.31437451089
3.60426207788
4.09158520554
4.07137139493
4.95447983039
0
0
0
0
5.59498450645
0
5.04691300635
4.84878480785
4.92607959835
4.41879050459
5.1166243571
3.73615661355
4.57194308503
4.10838946908
0
0
0
0
0
5.49350859547
4.76933398973
0
0
4.89832006792
5.07969882827
5.23590524259
4.1058024099
4.64177101927
4.11359786169
4.13654850129
3.88397301273
0
0
0
5.79966131609
5.8715404955
0
5.06014902904
4.66461853589
0
4.54074151391
4.89900873014
4.24894887302
4.95437968394
4.19396545241
4.26598299167
0
0
0
0
5.54446334387
4.40468024697
0
5.1199762199
4.18250302218
0
5.09777609837
3.80225805683
4.92097833932
4.57567813592
4.47324975007
0
0
0
0
5.59219349387
4.9560049744
0
4.7947970148
5.40973694935
0
4.55494637188
5.46197155528
4.45346730666
4.57285206442
4.68933157899
0
0
0
0
0
5.65321303823
4.84950096493
4.81183077932
4.69280139175
0
5.06399136915
5.16072642501
4.89207768072
5.2429865164
4.36711950175
4.39493472633
0
0
0
0
4.81821848363
5.08854684695
4.68984935491
4.93808657377
0
0
4.31577643784
4.22697589729
5.3279315762
4.5444517912
4.38407096863
0
0
0
0
0
5.77097206757
5.3809865118
5.69027936413
5.02000500801
0
4.73637407136
4.79882484608
4.76315823421
5.28145905838
4.57055545622
4.07052682274
4.43519597935
0
0
0
4.99104079519
4.75343518001
5.46791763058
5.25485234873
0
4.93284524065
5.09206853205
5.05339518397
5.36407667127
4.58050658599
4.96526601534
3.76714994811
0
0
0
0
5.59212897675
5.12000117344
4.13337363467
4.81697758442
5.27697331715
0
4.01874141397
4.11715457884
4.72965865347
5.13226020582
4.46184240175
4.69536885639
0
0
0
5.17976572219
4.77446348017
4.5364234312
4.6074694529
6.05001274227
4.91331430885
4.63725635037
4.48912987076
5.18650935415
5.34597696716
4.2201180395
4.20833298347
0
0
6.1126815537
6.42624528778
5.04222015464
4.7316680882
4.55963353513
5.12931133589
5.50878181277
0
5.24835154135
4.61307784937
4.93576159377
5.23226331226
3.70419328058
0
0
6.05214769731
6.22608583324
4.84995471542
4.71564395433
4.54588184932
4.93365129511
5.76348837252
5.33019052724
5.23341866807
4.09281698373
4.81190160355
5.30730473065
0
0
0
0
5.95219294605
4.86465350255
4.68686186033
5.98201626115
6.28646104608
5.69656540088
0
5.10609746247
5.33938711192
0
0
0
0
6.43545841687
5.47684165167
4.86856798896
5.16911082608
5.79733496082
5.80973520057
4.23963920249
4.60223983006
5.55951062784
0
0
0
0
0
4.59027059177
4.98041574163
5.37167089853
5.88051830059
5.80870967237
5.46931509365
4.80912564295
5.24372479513
0
0
0
5.79143540328
6.04972513173
4.3904383075
4.63252022588
0
6.66666665541
5.65805365661
4.93133528685
5.23903767929
0
0
0
6.2182437811
6.18531143766
4.62655011551
4.5444535334
5.22968792899
6.27490058108
5.56373757032
4.82005636936
0
0
0
0
5.80325462163
6.03929559215
5.40446052794
4.65186174019
5.5808931065
5.97975547744
6.44342706506
5.7538674284
5.03770846606
5.30671298018
0
0
5.92484034872
6.11010605112
5.71793704711
4.34093461811
5.15640911049
5.55758848369
5.75169439625
5.74579824762
5.18485063763
5.18552196107
0
0
0
6.41759210164
5.84604767393
5.08478650173
5.36047860979
5.75425836701
6.0033961141
6.09448809368
4.84084103181
5.17622674151
5.49837382948
0
0
6.1266683529
5.05173610731
5.26004842393
5.27193239578
5.82298673403
0
5.57338038684
5.74434605928
5.4715457777
0
0
0
0
6.57735064521
5.79342968823
5.19321884771
5.0264833125
0
6.35740741199
6.03943170972
5.15193452803
5.43399230687
6.02833215663
0
0
0
6.28618575469
5.95387478712
5.2467618514
5.31312756532
0
6.03360519443
5.75427694146
0
6.13244512499
5.53678823805
0
0
6.32252376215
6.22281879695
5.64765351852
5.11591778192
5.13916938769
0
5.68061240235
0
6.32839223614
5.68216330304
0
0
0
6.66666665312
6.13476422101
5.86870926931
4.42399394049
0
6.06214231707
5.8830802677
5.46340763243
5.84550672089
5.91771158955
0
0
0
6.22445039638
5.79686857046
5.35481575058
0
0
0
0
5.18313314301
5.95126533551
0
0
0
6.23637723085
6.0343055561
5.46658968926
5.22249056444
0
0
6.27375032964
5.84396914421
6.14758624773
4.80820353484
0
0
0
0
5.34733753971
5.49098190236
5.24466029914
0
0
6.08326748229
0
0
5.59359386343
0
0
0
0
5.55678189532
5.51805546636
5.16205152094
0
5.68517943229
5.30061878921
5.00939867699
5.95987485817
0
0
0
6.2917962985
0
5.65344269558
5.72562981984
0
0
5.98351549683
4.56886395548
6.00124014227
5.70243604027
0
0
6.31343379172
5.95583429972
6.21504315274
6.08968106342
0
0
0
4.73308613315
0
6.00928852679
0
0
6.66666670363
6.66666662724
6.01067397171
6.21425899668
0
0
0
4.43050243382
0
6.20854373402
0
0
6.66666666434
6.66666667293
6.33242993364
0
0
0
6.12408909548
0
0
0
0
0
6.66666667316
6.6666666265
6.34804932523
6.02242291989
0
0
0
0
0
0
0
0
6.66666667781
6.66666664105
6.44143903823
5.97531078331
0
0
0
5.54896329524
0
0
0
0
0
6.66666664809
6.6666666775
0
0
0
0
5.83168047429
0
0
0
0
0
6.66666668173
6.65377616162
0
0
0
0
0
0
0
0
0
0
6.66666665637
6.66666666011
0
0
0
0
5.94333051994
0
0
0
0
0
6.66666665679
6.66666668163
0
0
0
0
0
0
0
0
0
6.66666669967
6.66666670277
0
0
0
0
0
0
0
0
0
0
6.66666667643
6.6666666856
0
0
0
0
0
0
0
0
0
6.66666666865
6.00346876948
0
0
0
0
0
0
0
0
0
6.66666663527
0
0
0
0
0
0
0
0
0
0
6.66666665839
0
0
0
0
0
0
0
0
0
0
0
0
0
0
0
0
0
0
0
0
0
0
0
0
0
0
0
0
0
0
0
0
0
0
0
0
0
0
0
0
0
0
0
0
0
0
0
0
0
0
0
0
0
0
0
0
0
0
0
0
0
0
0
0
0
0
0
0
0
0
0
0
0
0
0
0
0
0
0
0
0
0
0
0
0
0
0
0
0
0
0
0
0
0
0
0
0
0
0
0
0
0
0
0
0
0
0
0
0
0
0
0
0
0
0
0
0
0
0
0
0
0
0
0
0
0
0
0
0
0
0
0
0
0
0
0
0
0
0
0
0
0
0
0
0
0
0
0
0
0
0
0
0
0
0
0
0
6.66666667172
0
0
0
0
0
0
0
6.66666665222
0
0
0
0
0
0
6.66666662602
0
0
0
0
0
0
0
6.55783072039
0
0
0
0
0
0
0
6.66666663927
0
0
0
0
0
0
0
0
0
0
0
0
0
0
0
0
0
0
0
0
0
0
0
0
0
0
0
0
0
0
0
0
0
0
0
0
0
0
0
0
0
2.8298156827
0
0
0
0
0
0
0
0
2.22022760761
0
0
0
2.96025854175
0
0
0
0
0
0
0
0
0
0
0
0
3.0507287027
0
0
0
0
0
0
0
0
2.82144966942
0
0
0
0
0
0
0
0
2.65728193533
0
0
0
0
0
0
0
0
2.64392403841
0
0
0
0
0
0
0
0
0
0
0
0
0
0
4.54881401039
0
0
0
0
0
0
0
0
0
0
0
0
0
3.11618731814
0
0
0
0
4.24134669678
0
0
0
0
0
2.98691352565
0
0
0
0
0
0
0
0
0
3.34702898295
0
0
0
0
0
0
0
0
3.62774243791
0
3.40657652118
0
0
0
0
0
0
0
0
0
0
0
3.397920046
0
0
0
0
0
0
0
0
4.17136072526
3.87494642758
3.25423721182
3.15185898592
0
0
0
0
4.6296512185
0
0
0
3.72538313347
3.57328412773
0
3.06102120733
0
0
0
0
4.59914668041
3.52939631884
4.00904726028
0
4.11807070866
3.11708560109
0
2.70659425451
3.89835568022
0
0
0
0
0
4.058776071
4.15019716534
0
0
3.96411884823
0
2.73102235746
0
0
0
0
0
0
0
4.15836036739
3.99495411754
4.43497496067
0
3.815767204
2.95857030307
0
0
0
0
0
0
0
0
4.07285781128
4.22108989792
4.82631000231
0
3.55402087276
2.90531683725
0
0
0
0
0
0
0
4.3766654414
3.9756056974
4.31741827205
0
4.36018178474
0
0
3.49365448995
4.27220078943
0
0
0
0
0
0
4.24854940922
4.28625592329
4.78488555527
4.83725913656
4.32813499954
3.6786516449
3.16713603954
3.2987817649
4.00706780317
0
0
0
0
0
0
4.30882266037
4.33404653796
4.26960843896
4.4221102298
0
3.2184255203
3.47179767581
3.74498834308
4.63183418077
0
0
0
0
0
4.86778546896
4.10019877697
4.36813433279
4.91924714746
4.42087895068
0
3.19775861634
3.28954056461
4.01021275405
4.29191322546
0
0
0
0
0
5.16050418479
4.41454237361
4.52614923921
4.74274228086
4.3356724198
4.42823528535
3.21491356055
3.43107151308
4.29159617001
4.22835564553
0
0
0
0
0
0
4.58710336961
0
0
4.81215873648
0
3.49548392278
3.52969203176
4.27557691672
4.14440898685
3.57557090765
0
0
0
0
0
5.76841102896
0
4.70103837118
4.48276472207
0
4.02980711904
3.96204575218
3.2428763978
3.86445675109
3.85108798394
4.8015471557
0
0
0
0
5.46845488965
0
4.419690283
4.48869079453
4.55339955037
4.08264631701
4.74862594687
3.42091168805
4.40177520062
3.98303555036
0
0
0
0
0
5.58299283278
4.65135708761
0
0
4.76036811703
4.88728112235
4.88904652919
3.64864766616
4.47750607603
3.9647352171
3.80982412372
3.60347387443
0
0
0
5.68092373176
5.80753222393
0
4.56023505619
4.37606112898
0
4.45207041183
4.47883665371
4.04731485756
4.8180738199
4.04786654082
4.18546469147
0
0
0
0
5.57086326944
4.36128785734
0
4.62910387899
3.96057763633
0
4.7668043012
3.37895791419
4.81197088542
4.37751248801
4.32010117832
0
0
0
0
5.70384589616
4.93611463338
0
4.25482011213
4.88316590247
0
4.41477414779
5.03016101324
4.1010073577
4.37881672196
4.52331565924
0
0
0
0
0
5.50883076876
4.68793440925
4.33831073143
4.50658020294
0
4.84602494734
4.97556694483
4.66201500557
5.03354903996
4.38850018287
4.24098615522
0
0
0
0
4.85196358214
4.89136673156
4.39703306299
4.63006274961
0
0
4.23984591526
3.74354949834
5.06283746317
4.407455938
4.11084202848
0
0
0
0
0
5.7484812433
5.18397019782
5.55048652082
4.41990098137
0
4.5727414504
4.51058109685
4.6734343749
5.22876413123
4.56195472485
3.89389827398
4.36984956779
0
0
0
4.96778012264
4.60834232673
5.39846256665
5.06986138758
0
4.63059011378
4.98663544466
4.65575929951
5.20236288608
4.40715220047
4.8657823787
3.42539926357
0
0
0
0
5.4669807105
5.11250318122
4.07425413112
4.80317809841
4.97813798401
0
3.60506229062
3.84798228189
4.57200595277
5.04533997962
4.3231394116
4.57645482419
0
0
0
5.19302794013
4.65225274833
4.53561440298
4.44928223938
5.85174693205
4.52238081443
4.46324264111
4.31766540515
4.99727446692
5.2574825476
4.17262607896
3.95651309391
0
0
6.17568568105
6.53769177033
4.93655079461
4.75906062598
4.5358745543
4.94966503956
5.30201317539
0
5.0697342416
4.34538905069
4.93050606373
5.18355638617
3.31234696241
0
0
6.16234657574
6.34689325479
4.76123111148
4.70649170376
4.39651258181
4.82366564965
5.63595808447
5.11223959393
4.9883376749
4.01588728018
4.8352705788
5.28910420469
0
0
0
0
6.06223593302
4.75090558045
4.52033153943
5.70756657438
6.27279583761
5.52759888845
0
4.86915002267
5.25490070626
0
0
0
0
6.5522960581
5.44291765642
4.84414185213
5.03966762822
5.89691608376
5.69536987781
4.12007946808
4.41801654221
5.55898340986
0
0
0
0
0
4.58774612429
4.89929276697
5.37354275625
5.9444398382
5.75094195973
5.49550018009
4.66859720687
5.12072195761
0
0
0
5.90988944157
6.09033627102
4.20558756588
4.55771774933
0
6.66666665541
5.43513124424
4.78698600172
5.22186368444
0
0
0
6.30270122107
6.20122399429
4.54985216842
4.40626611641
5.05308707083
6.22871093434
5.44130182863
4.7020247506
0
0
0
0
5.77803641885
6.01647045462
5.49776554923
4.56257001541
5.43770499923
5.77290668201
6.21268894019
5.74376051845
4.98217738885
5.27273086957
0
0
5.92998328002
6.18980088902
5.59694142107
4.30960427797
5.0514991116
5.43089665127
5.69270926234
5.68621167242
5.21531523971
5.26025420629
0
0
0
6.43936045755
5.84561353094
5.17055396489
5.35107244284
5.69061923559
6.04603325335
6.08218416608
4.66434098177
5.21807676167
5.52680502027
0
0
6.21571081878
5.04460420071
5.38271220532
5.25850424856
5.88959383163
0
5.3495042857
5.70275435735
5.52824713894
0
0
0
0
6.66666667276
5.90192077315
5.36586172972
4.77489021735
0
6.37182832375
6.04056417901
4.87956053317
5.50447161549
6.02705443951
0
0
0
6.0944606626
5.84651296504
5.23399494507
5.21376814073
0
5.89556895395
5.69720912857
0
6.21672186339
5.49209218253
0
0
6.3139481721
6.28278254255
5.78198411
5.14636081927
5.04975827504
0
5.4794979669
0
6.24879988774
5.70379225532
0
0
0
6.66666665312
6.07822210869
5.91080435882
4.10290836799
0
6.06234214506
5.71372628052
5.43672149554
5.75855448185
5.99373483282
0
0
0
6.20883961434
5.9440951281
5.28451637283
0
0
0
0
5.09594914964
5.88742431386
0
0
0
6.18943813746
6.06312970788
5.46143366605
5.1841937722
0
0
6.0603537191
5.82457801223
5.98306259499
4.81532952609
0
0
0
0
5.22167415196
5.38886311439
5.00710090535
0
0
6.03820924983
0
0
5.67026834353
0
0
0
0
5.51549076334
5.28315758166
4.93883076414
0
5.67447346294
5.21576257817
4.91938280839
5.89190544418
0
0
0
6.2917962985
0
5.56591357976
5.49045573828
0
0
5.85025223762
4.55808426654
5.96207115957
5.64718492564
0
0
6.56464455739
6.00907922431
6.3369908581
5.84587691597
0
0
0
4.68938836566
0
5.99718766513
0
0
6.66666670363
6.66666662724
5.97356578713
6.01741858677
0
0
0
4.315589435
0
6.21728063329
0
0
6.66666666434
6.66666667293
6.18114317903
0
0
0
6.19291262368
0
0
0
0
0
6.66666667316
6.6666666265
6.23102714779
5.85557094043
0
0
0
0
0
0
0
0
6.66666667781
6.66666664105
6.37012994695
5.83380863257
0
0
0
5.51907606263
0
0
0
0
0
6.66666664809
6.6666666775
0
0
0
0
5.87462896502
0
0
0
0
0
6.66666668173
6.64416956076
0
0
0
0
0
0
0
0
0
0
6.66666665637
6.66666666011
0
0
0
0
6.01898896677
0
0
0
0
0
6.66666665679
6.66666668163
0
0
0
0
0
0
0
0
0
6.66666669967
6.66666670277
0
0
0
0
0
0
0
0
0
0
6.66666667643
6.6666666856
0
0
0
0
0
0
0
0
0
6.66666666865
5.89280728044
0
0
0
0
0
0
0
0
0
6.66666663527
0
0
0
0
0
0
0
0
0
0
6.66666665839
0
0
0
0
0
0
0
0
0
0
0
0
0
0
0
0
0
0
0
0
0
0
0
0
0
0
0
0
0
0
0
0
0
0
0
0
0
0
0
0
0
0
0
0
0
0
0
0
0
0
0
0
0
0
0
0
0
0
0
0
0
0
0
0
0
0
0
0
0
0
0
0
0
0
0
0
0
0
0
0
0
0
0
0
0
0
0
0
0
0
0
0
0
0
0
0
0
0
0
0
0
0
0
0
0
0
0
0
0
0
0
0
0
0
0
0
0
0
0
0
0
0
0
0
0
0
0
0
0
0
0
0
0
0
0
0
0
0
0
0
0
0
0
0
0
0
0
0
0
0
0
0
0
0
0
0
0
6.66666667172
0
0
0
0
0
0
0
6.66666665222
0
0
0
0
0
0
6.66666662602
0
0
0
0
0
0
0
6.16541451548
0
0
0
0
0
0
0
6.66666663927
0
0
0
0
0
0
0
0
0
0
0
0
0
0
0
0
0
0
0
0
0
0
0
0
0
0
0
0
0
0
0
0
0
0
0
0
0
0
0
0
0
3.00317459141
0
0
0
0
0
0
0
0
2.23088955106
0
0
0
3.01044676504
0
0
0
0
0
0
0
0
0
0
0
0
3.07163742132
0
0
0
0
0
0
0
0
2.74352713969
0
0
0
0
0
0
0
0
2.61992658262
0
0
0
0
0
0
0
0
2.61850075229
0
0
0
0
0
0
0
0
0
0
0
0
0
0
4.5491786279
0
0
0
0
0
0
0
0
0
0
0
0
0
3.09179940166
0
0
0
0
4.29029484245
0
0
0
0
0
2.87082944652
0
0
0
0
0
0
0
0
0
3.40045070117
0
0
0
0
0
0
0
0
3.82837134622
0
3.31808588025
0
0
0
0
0
0
0
0
0
0
0
3.29216796842
0
0
0
0
0
0
0
0
4.34864642915
3.97858933959
3.23182475194
3.11317438025
0
0
0
0
4.81458558333
0
0
0
3.91809794379
3.59913078378
0
2.96803894406
0
0
0
0
4.61695704587
3.58264051844
3.99143905108
0
4.38601674131
3.1584142736
0
2.66636621396
3.93051536965
0
0
0
0
0
4.06820722719
4.14352902526
0
0
4.03399618216
0
2.7227253005
0
0
0
0
0
0
0
4.12167212073
4.08605797412
4.67021294984
0
3.76542245511
2.79595508522
0
0
0
0
0
0
0
0
3.9575771941
4.32810165887
5.01980229395
0
3.61701946552
2.76854342002
0
0
0
0
0
0
0
4.48745956469
3.89742959866
4.27473739136
0
4.44557709031
0
0
3.3638770244
4.36964593277
0
0
0
0
0
0
4.35365242735
4.24720696636
4.88211709901
4.99457220377
4.43406047013
3.82571589448
3.08391206249
3.31130480046
4.13735594642
0
0
0
0
0
0
4.32577324122
4.35572116655
4.37155803559
4.55506738848
0
3.17122192244
3.38219735248
3.85073892322
4.85845525995
0
0
0
0
0
4.73077364042
4.11414285869
4.46054770735
5.05805414074
4.5736261647
0
3.19667959232
3.34694230366
4.19261110932
4.58204129111
0
0
0
0
0
5.15686193509
4.49998747784
4.63231345684
4.87162650838
4.53241716792
4.51782646076
3.13402716427
3.40608387524
4.50198969547
4.50267161883
0
0
0
0
0
0
4.74791924446
0
0
4.94310376368
0
3.52919020839
3.64144839092
4.40064385143
4.36368583264
3.73093762846
0
0
0
0
0
5.94118463947
0
4.73074343963
4.72642658122
0
4.06793236623
3.9664250569
3.27255175463
4.1321330444
3.93121107403
4.97294831279
0
0
0
0
5.58661122125
0
4.43177042907
4.45811773838
4.76383441715
4.26436984126
4.7281731951
3.52784923043
4.55708419931
4.09674770695
0
0
0
0
0
5.80969643397
4.70935558036
0
0
4.80109635999
5.07144361685
5.11103489834
3.70185115518
4.67113063112
3.93177106141
3.87583076174
3.71397002698
0
0
0
5.8129069898
6.00366963869
0
4.61144413443
4.54318416728
0
4.59896380567
4.56605477262
4.17202447234
5.1271998828
4.22879113696
4.38681823649
0
0
0
0
5.74390012495
4.44841254007
0
4.80141953887
4.06968408643
0
4.89255210494
3.36329745697
4.98811005334
4.54473400014
4.52832720527
0
0
0
0
5.98616358894
5.17304774418
0
4.39343217995
5.18961137571
0
4.57657349464
5.16046046467
4.21325554364
4.52966186229
4.69944241121
0
0
0
0
0
5.69305167251
4.5895525902
4.43034171015
4.52837509757
0
4.89547023719
5.0528817733
4.85699752371
5.252088566
4.74995022749
4.29417808854
0
0
0
0
5.17576605868
5.04764082458
4.35873809471
4.60010936576
0
0
4.28011148787
3.9451886156
5.30487314224
4.50436279783
4.1248215305
0
0
0
0
0
6.05232862028
5.29634443665
5.66399737583
4.31879655462
0
4.66788863768
4.58595333632
4.90536796678
5.51799559005
4.85127617557
3.97211994426
4.44272771942
0
0
0
5.21008844605
4.67420228487
5.67539069226
5.11142302742
0
4.72469905527
5.14890193051
4.77995145868
5.25873433548
4.61216771158
4.98541905766
3.49414597429
0
0
0
0
5.72185633875
5.40868366684
4.14085722538
4.95782595685
5.19319042844
0
3.71920281069
3.98579792197
4.87228411637
5.1850163483
4.46341072706
4.80289263396
0
0
0
5.41582821569
4.72350688474
4.73552302203
4.67465484792
6.07963917882
4.68909954347
4.46442119944
4.38531438073
5.06530366064
5.46954318796
4.46389741323
4.00730015962
0
0
6.38737667862
6.66666670098
5.15952262002
5.04882761983
4.77779664477
5.15731549542
5.4406738939
0
5.05560225045
4.46116765252
5.07160790319
5.44022705989
3.34055693127
0
0
6.37557474809
6.56233060124
4.9254788805
4.89897339506
4.64714227869
5.10080471568
5.80951312636
5.34263546639
5.10290591839
4.09538092306
5.0579307504
5.61048106601
0
0
0
0
6.33716400206
4.99860080377
4.87922882605
5.96402651951
6.35371016197
5.59361361911
0
4.99438928801
5.45394197178
0
0
0
0
6.6341727174
5.57059895505
5.0788467422
5.41512950784
6.09200899032
5.80977067292
4.12618601723
4.5683108666
5.74119030681
0
0
0
0
0
4.74913430616
5.04895716509
5.51072343622
5.9650541771
5.75945290581
5.53795773253
4.8155757938
5.41658385368
0
0
0
6.14792442926
6.16473869834
4.42799335066
4.73835908607
0
6.66666665541
5.53663774611
4.91451824256
5.43311489416
0
0
0
6.55522691594
6.3101246869
4.78659894106
4.51298693036
5.06369933714
6.13303330479
5.58712109214
4.84950348854
0
0
0
0
5.99378239428
6.23612949797
5.7611311352
4.66758417142
5.31244099826
5.90350806117
6.35698547933
5.75586840726
5.18969034722
5.61761741471
0
0
6.11368507381
6.27851506006
5.9263424543
4.44783545336
5.12840614456
5.69535416871
5.92140181081
5.71538007495
5.36972454268
5.54604110974
0
0
0
6.55327736556
6.1724869253
5.35372837505
5.52904262867
5.73233776244
6.17921667207
6.09277350237
4.77213838555
5.6019651668
5.82445327632
0
0
6.31899695431
5.33013543428
5.76473409466
5.57761494184
5.96313055319
0
5.42623397013
5.72074400611
5.81117816843
0
0
0
0
6.66666667276
6.2091872788
5.64274219512
4.90982032283
0
6.42024838741
6.10017443673
4.89484760942
5.83921085913
6.15558259083
0
0
0
6.4556489071
6.07298918829
5.52308235754
5.34163883809
0
5.9123386857
5.85313094768
0
6.36162631162
5.61910451299
0
0
6.37973740256
6.40856583525
6.16436601119
5.38832585069
5.17129224934
0
5.68777533562
0
6.32901518014
5.9681423719
0
0
0
6.66666665312
6.18938641678
6.11135782508
4.18232687886
0
6.06492493629
5.89670315372
5.45947070715
5.88977702324
6.16394262173
0
0
0
6.17894576501
6.20951478188
5.45648419963
0
0
0
0
5.22836316738
6.01947309111
0
0
0
6.30838433281
6.15141876188
5.6868392774
5.43589885176
0
0
6.19501444492
5.8789884266
6.20390030904
5.01477203601
0
0
0
0
5.41415688087
5.66982036407
5.34147253355
0
0
6.05734274487
0
0
5.76917425172
0
0
0
0
5.74531530627
5.56739656315
5.16647240945
0
5.707655267
5.23136001502
5.114538098
5.97260453211
0
0
0
6.55645634084
0
6.11730061836
5.65069460563
0
0
6.25023401426
4.79317698936
6.29312546383
5.8049739553
0
0
6.66666668554
6.33877789108
6.50024626258
6.02010940535
0
0
0
4.84137644609
0
6.07103867893
0
0
6.66666670363
6.66666662724
6.14305808708
6.27836014693
0
0
0
4.46653239258
0
6.43446158002
0
0
6.66666666434
6.66666667293
6.25628394979
0
0
0
6.32119931035
0
0
0
0
0
6.66666667316
6.6666666265
6.29404509581
6.07089891083
0
0
0
0
0
0
0
0
6.66666667781
6.66666664105
6.57753708019
6.21553719244
0
0
0
5.63035587231
0
0
0
0
0
6.66666664809
6.6666666775
0
0
0
0
6.09465284136
0
0
0
0
0
6.66666668173
6.66666667253
0
0
0
0
0
0
0
0
0
0
6.66666665637
6.66666666011
0
0
0
0
6.12159535875
0
0
0
0
0
6.66666665679
6.66666668163
0
0
0
0
0
0
0
0
0
6.66666669967
6.66666670277
0
0
0
0
0
0
0
0
0
0
6.66666667643
6.6666666856
0
0
0
0
0
0
0
0
0
6.66666666865
6.01133407341
0
0
0
0
0
0
0
0
0
6.66666663527
0
0
0
0
0
0
0
0
0
0
6.66666665839
0
0
0
0
0
0
0
0
0
0
0
0
0
0
0
0
0
0
0
0
0
0
0
0
0
0
0
0
0
0
0
0
0
0
0
0
0
0
0
0
0
0
0
0
0
0
0
0
0
0
0
0
0
0
0
0
0
0
0
0
0
0
0
0
0
0
0
0
0
0
0
0
0
0
0
0
0
0
0
0
0
0
0
0
0
0
0
0
0
0
0
0
0
0
0
0
0
0
0
0
0
0
0
0
0
0
0
0
0
0
0
0
0
0
0
0
0
0
0
0
0
0
0
0
0
0
0
0
0
0
0
0
0
0
0
0
0
0
0
0
0
0
0
0
0
0
0
0
0
0
0
0
0
0
0
0
0
6.66666667172
0
0
0
0
0
0
0
6.66666665222
0
0
0
0
0
0
6.66666662602
0
0
0
0
0
0
0
6.03866726123
0
0
0
0
0
0
0
6.66666663927
0
0
0
0
0
0
0
0
0
0
0
0
0
0
0
0
0
0
0
0
0
0
0
0
0
0
0
0
0
0
0
0
0
0
0
0
0
0
0
0
0
4.34302798986
0
0
0
0
0
0
0
0
3.51968969411
0
0
0
4.62436916574
0
0
0
0
0
0
0
0
0
0
0
0
4.59242896699
0
0
0
0
0
0
0
0
4.32983043739
0
0
0
0
0
0
0
0
4.18125147999
0
0
0
0
0
0
0
0
4.17415550065
0
0
0
0
0
0
0
0
0
0
0
0
0
0
6.0639038266
0
0
0
0
0
0
0
0
0
0
0
0
0
4.50985221384
0
0
0
0
5.55783079293
0
0
0
0
0
4.45772849159
0
0
0
0
0
0
0
0
0
5.10103057816
0
0
0
0
0
0
0
0
5.06170382799
0
5.06885905872
0
0
0
0
0
0
0
0
0
0
0
5.03397280464
0
0
0
0
0
0
0
0
5.59962044247
5.54675420083
4.79066066662
4.65217428046
0
0
0
0
5.51427955183
0
0
0
5.24888889615
5.23988260202
0
4.43184573357
0
0
0
0
5.46685135295
4.94850928461
5.20594919902
0
5.64138284157
4.86874370242
0
4.06135877289
5.30966421166
0
0
0
0
0
5.41923823458
5.48469431103
0
0
5.74775194639
0
4.03930684943
0
0
0
0
0
0
0
5.42893103562
5.36495589599
5.77815303004
0
5.54580400952
4.60385582147
0
0
0
0
0
0
0
0
5.3540901863
5.41668062952
5.9520163394
0
5.27143368709
4.44312500197
0
0
0
0
0
0
0
5.42230336561
5.24188900432
5.37649024976
0
5.62469886632
0
0
4.99066881046
5.56155784575
0
0
0
0
0
0
5.475050017
5.54715258464
5.76714362859
5.89826246266
5.56558340423
5.35633418366
4.94024188684
4.88472091634
5.36540890272
0
0
0
0
0
0
5.50368550233
5.62457835212
5.50368125397
5.69408461416
0
4.81779209921
5.02989516511
5.24636250914
5.67213408374
0
0
0
0
0
6.10672947861
5.32203150237
5.49333850168
5.89653968681
5.74672792485
0
4.87098479674
4.94423017824
5.43038106887
5.31797293173
0
0
0
0
0
6.03771587489
5.56653330171
5.9279354121
5.74433852353
5.64939285224
5.55748965969
4.87308367585
4.90011202029
5.63202041465
5.45507350669
0
0
0
0
0
0
5.49983247278
0
0
5.85013875607
0
5.18169732117
4.95254700419
5.46823214221
5.34274673718
4.89912520468
0
0
0
0
0
6.66210135004
0
5.95208712065
5.48561503357
0
5.52209703663
5.47018833326
4.71997133317
5.28041914606
5.02232700979
5.77337330107
0
0
0
0
6.25569897027
0
5.64860065199
5.4753656136
5.86623162686
5.44146583205
6.06050190812
4.88214723449
5.80560202614
5.00200375386
0
0
0
0
0
5.99661637306
5.32302458521
0
0
5.77095564149
5.87616599335
6.03963168201
5.22742212366
5.81674253686
5.20431788221
5.23088343855
5.05855716374
0
0
0
6.20048356898
6.60624384467
0
5.74809851633
5.38401899776
0
5.53117097465
6.08232529965
5.26793142427
6.09740992927
5.07039167989
5.19121006922
0
0
0
0
6.13836281734
5.19221866705
0
5.8565617227
5.11182500939
0
6.10770313762
5.0389642792
5.79193251585
5.72286708688
5.75281349222
0
0
0
0
6.11933312145
5.54182122577
0
5.77167703698
6.26631844119
0
5.58238132381
6.48660795963
5.56501416614
5.62436622066
5.69982348459
0
0
0
0
0
6.13864855488
5.43494517046
5.47142920518
5.52297629216
0
6.22701950228
6.12307996654
5.94769715404
6.25967321756
5.49275387569
5.32062090993
0
0
0
0
5.8319554143
5.74653201554
5.21035477138
5.68373082935
0
0
5.26369767608
5.42169075568
6.30260206405
5.52906801529
5.51149393559
0
0
0
0
0
6.3106894335
6.04036579569
6.56431463306
5.71645553512
0
6.05236548866
5.97652930577
5.5846082276
6.36410805657
5.76273282435
5.21001972225
5.07920891048
0
0
0
5.93537583471
5.30211616682
6.33868950077
5.92878963733
0
5.96614051353
6.09147649385
6.09341480417
6.1911543646
5.65235631692
6.16384527618
4.79508886071
0
0
0
0
6.2436743416
5.89241574082
4.77631028243
5.56406505602
6.38697899814
0
5.20885058091
4.88283703936
5.7864542683
6.09206111903
5.78303493799
5.46213568997
0
0
0
5.90087507033
5.47117848366
5.45391029586
5.32851825983
6.6666666865
5.58318889706
5.63497038303
5.80955446672
5.86331688397
6.23897001639
5.56228192398
5.25651049872
0
0
6.53910645458
6.66666670098
6.00137345261
5.5572263204
5.2777445714
5.8223519515
6.43324163502
0
6.18332563947
5.66893514813
5.96537401015
6.27388324707
4.88348594621
0
0
6.54039870944
6.66666664143
5.76185666391
5.55508439566
5.27166352707
5.74616029416
6.63469522322
6.3247352821
6.04582092301
5.29266682683
5.90692500749
6.37004613675
0
0
0
0
6.57139288767
5.64676677263
5.62429043719
6.47175292731
6.6666666767
6.4520058201
0
5.94823149614
6.18875027457
0
0
0
0
6.66666668937
6.03358388175
5.83324124511
6.00798449247
6.42700296842
6.55736315194
5.34466915298
5.74279821591
6.32866367512
0
0
0
0
0
5.46078013553
5.88515063661
6.07613185431
6.19281271078
6.48474271706
6.08659979824
5.92900849544
6.26420222555
0
0
0
6.40888424702
6.44164200484
5.10006879898
5.33162896651
0
6.66666665541
6.29171516094
5.96862275591
6.23371440431
0
0
0
6.66666656831
6.60063277849
5.52478251424
5.16103120396
5.93707074596
6.58095221275
6.13662346093
5.9625538431
0
0
0
0
6.39187671008
6.40941575101
6.26971646237
5.44271982207
6.17105059565
6.4616044527
6.6027302065
6.25475817216
6.18967420926
6.47100967108
0
0
6.66615109565
6.42314069236
6.29146058054
5.21107084574
5.94156184039
6.30049965242
6.57215574745
6.41440380737
6.20377024537
6.25099139312
0
0
0
6.66666666644
6.62476345554
5.96112045186
6.21646071088
6.22810801262
6.50895661252
6.4199011985
5.85284848129
6.31489931381
6.42385679198
0
0
6.48217893851
5.79126749727
6.27158465089
6.29297015005
6.33474881716
0
6.39446071788
6.27048915929
6.31190083484
0
0
0
0
6.66666667276
6.53394961719
6.12576140284
5.6208683233
0
6.56132285164
6.33308153446
6.25933623507
6.21629847526
6.291575734
0
0
0
6.66666666507
6.37709844842
6.16843697128
5.94865152615
0
6.47977628138
6.2144152606
0
6.57176830498
6.41018886981
0
0
6.66666666716
6.6666666601
6.40591278466
5.87989028792
5.9098685734
0
6.39303551433
0
6.66666665275
6.4107420614
0
0
0
6.66666665312
6.42207435035
6.55502079073
5.22678163514
0
6.42699391527
6.43869657722
6.50276065085
6.43798419199
6.34575463864
0
0
0
6.59929485707
6.48665921645
5.97034682643
0
0
0
0
6.30903731894
6.62786449109
0
0
0
6.66666665114
6.40809653006
6.31633535793
6.11401711987
0
0
6.54568113675
6.54336269383
6.66666664521
5.91490364192
0
0
0
0
6.13826116967
6.31589611839
6.1708583888
0
0
6.45711781722
0
0
6.30334958328
0
0
0
0
6.22856124104
6.30807620429
6.00972507964
0
6.23471520283
6.40507297121
6.19755007738
6.52847472487
0
0
0
6.66666665435
0
6.46439560056
6.51508571687
0
0
6.46006835104
5.99606604867
6.62493496269
6.29907190785
0
0
6.66666668554
6.66666662216
6.65909267666
6.5936407712
0
0
0
6.11021757557
0
6.34355477926
0
0
6.66666670363
6.66666662724
6.56786695261
6.6666666869
0
0
0
5.8536408164
0
6.66666667295
0
0
6.66666666434
6.66666667293
6.66666671072
0
0
0
6.46041851633
0
0
0
0
0
6.66666667316
6.6666666265
6.66666663777
6.59329005032
0
0
0
0
0
0
0
0
6.66666667781
6.66666664105
6.66666667615
6.51556753621
0
0
0
6.36485238813
0
0
0
0
0
6.66666664809
6.6666666775
0
0
0
0
6.32394580919
0
0
0
0
0
6.66666668173
6.66666667253
0
0
0
0
0
0
0
0
0
0
6.66666665637
6.66666666011
0
0
0
0
6.24835352324
0
0
0
0
0
6.66666665679
6.66666668163
0
0
0
0
0
0
0
0
0
6.66666669967
6.66666670277
0
0
0
0
0
0
0
0
0
0
6.66666667643
6.6666666856
0
0
0
0
0
0
0
0
0
6.66666666865
6.33301183021
0
0
0
0
0
0
0
0
0
6.66666663527
0
0
0
0
0
0
0
0
0
0
6.66666665839
0
0
0
0
0
0
0
0
0
0
0
0
0
0
0
0
0
0
0
0
0
0
0
0
0
0
0
0
0
0
0
0
0
0
0
0
0
0
0
0
0
0
0
0
0
0
0
0
0
0
0
0
0
0
0
0
0
0
0
0
0
0
0
0
0
0
0
0
0
0
0
0
0
0
0
0
0
0
0
0
0
0
0
0
0
0
0
0
0
0
0
0
0
0
0
0
0
0
0
0
0
0
0
0
0
0
0
0
0
0
0
0
0
0
0
0
0
0
0
0
0
0
0
0
0
0
0
0
0
0
0
0
0
0
0
0
0
0
0
0
0
0
0
0
0
0
0
0
0
0
0
0
0
0
0
0
0
6.66666667172
0
0
0
0
0
0
0
6.66666665222
0
0
0
0
0
0
6.66666662602
0
0
0
0
0
0
0
6.66666662273
0
0
0
0
0
0
0
6.66666663927
0
0
0
0
0
0
0
0
0
0
0
0
0
0
0
0
0
0
0
0
0
0
0
0
0
0
0
0
0
0
0
0
0
0
0
0
0
0
0
0
0
4.08793706819
0
0
0
0
0
0
0
0
3.21294053266
0
0
0
4.21192725738
0
0
0
0
0
0
0
0
0
0
0
0
4.25992597117
0
0
0
0
0
0
0
0
3.79657355998
0
0
0
0
0
0
0
0
3.65172577426
0
0
0
0
0
0
0
0
3.63090832652
0
0
0
0
0
0
0
0
0
0
0
0
0
0
5.51448889483
0
0
0
0
0
0
0
0
0
0
0
0
0
4.15796359599
0
0
0
0
5.13011445263
0
0
0
0
0
3.91210086017
0
0
0
0
0
0
0
0
0
4.56537486634
0
0
0
0
0
0
0
0
4.81578085394
0
4.65879133649
0
0
0
0
0
0
0
0
0
0
0
4.43241626983
0
0
0
0
0
0
0
0
5.38953974829
5.30896716241
4.4514035505
4.25839142864
0
0
0
0
5.47933957678
0
0
0
5.03264286538
4.75485571486
0
3.95413225623
0
0
0
0
5.42952405269
4.59830913607
4.77540391452
0
5.48237433372
4.34152599853
0
3.59611778431
4.99712452287
0
0
0
0
0
5.01922339737
4.91950651992
0
0
5.28800468777
0
3.59008335427
0
0
0
0
0
0
0
4.78188132879
5.01380781347
5.59861357508
0
5.20855926886
3.82620618841
0
0
0
0
0
0
0
0
5.02720892225
5.11664963366
5.8075268437
0
4.84007824687
3.6560179733
0
0
0
0
0
0
0
5.08405349632
4.92574457295
4.97770429304
0
5.3679851374
0
0
4.39020335354
5.48847974811
0
0
0
0
0
0
4.92141677002
5.1054684961
5.4041151606
5.58386885131
5.3400287143
4.88865683439
4.1865263665
4.54873893296
5.06815118527
0
0
0
0
0
0
5.04994522618
5.17560014283
5.24454236433
5.36102164076
0
4.04192874746
4.39535728695
4.80207499439
5.44667404639
0
0
0
0
0
5.48074430298
4.82508401259
5.20122137411
5.67285112945
5.43095444407
0
4.09316676709
4.18411023496
4.94266281564
5.14450973913
0
0
0
0
0
5.7602585032
5.249488175
5.55037108239
5.37014011507
5.36951094378
5.31549114943
4.16873266582
4.32363041099
5.30949128604
5.1364772251
0
0
0
0
0
0
5.19532681561
0
0
5.59977058503
0
4.62795524822
4.37669686005
5.2891927991
4.97603575446
4.47425920526
0
0
0
0
0
6.37032348077
0
5.56954474561
5.16957130506
0
5.06210067075
4.9742881288
4.02893714835
4.91225047355
4.7104134047
5.67664251285
0
0
0
0
6.17396233753
0
5.15579645526
5.14082288185
5.37201706646
4.99444570183
5.75466360107
4.49643532066
5.59301674797
4.77136314095
0
0
0
0
0
6.05169557473
5.12477132836
0
0
5.46258659902
5.6794173394
5.75540861309
4.6166336841
5.52819008237
4.73820179898
4.75527982033
4.51965010118
0
0
0
6.07544722914
6.54126835154
0
5.25402488824
4.99410365961
0
5.26099794297
5.67048797509
5.00452904995
6.00847029973
4.9243085079
5.03286778807
0
0
0
0
6.07338173481
4.96010235941
0
5.32738577807
4.89920264003
0
5.75952064196
4.44312137099
5.72614344681
5.42247108438
5.46357905716
0
0
0
0
6.16348289722
5.53614095281
0
5.05832000994
5.74893102195
0
5.50695404553
6.02999185607
5.08869146397
5.40682216005
5.46644620818
0
0
0
0
0
6.04213159081
5.23586822425
5.08372994096
5.33805569192
0
6.0546447861
5.91997971398
5.7118426367
6.06772988004
5.38234021456
4.97843470505
0
0
0
0
5.83433456421
5.48671290409
4.84121352853
5.28483162499
0
0
5.20847807795
4.72568440405
6.01100344613
5.39317455083
5.18816594191
0
0
0
0
0
6.33773177966
5.63949049436
6.55238629367
5.13993139661
0
5.88342083483
5.61717469402
5.54270161629
6.29388577876
5.72033902136
4.81471783717
4.88656177586
0
0
0
5.9067857974
5.08586740183
6.28669138144
5.74901835114
0
5.56798832331
5.98859288672
5.79721066299
5.99683720616
5.47495495167
6.05877999852
4.3301959833
0
0
0
0
6.12106460539
5.81690145675
4.66328588401
5.43389196347
6.11903422975
0
4.67804098793
4.6700671241
5.63881958934
5.99073154697
5.55209282044
5.29726257757
0
0
0
5.76873917871
5.26368954822
5.36660338677
5.29267918699
6.6666666865
5.13148171564
5.3862471751
5.56995644995
5.74697848485
6.08200794272
5.17661657705
4.88648084466
0
0
6.54895567999
6.66666670098
5.86811510863
5.57085481431
5.16232063802
5.76518615334
6.18862946294
0
5.99499549816
5.31775652181
5.8166375852
6.17528131609
4.20589112112
0
0
6.57844938904
6.66666664143
5.5397837599
5.54332176082
5.1361965615
5.78020305289
6.59229563471
6.21200696194
5.94679204823
5.11273963842
5.8473367501
6.29088588623
0
0
0
0
6.60946418113
5.43131966941
5.44613565021
6.31676664805
6.6666666767
6.26945597578
0
5.74214408972
6.11358948926
0
0
0
0
6.66666668937
5.88608389959
5.73110745678
5.93551158332
6.42045869452
6.4293395926
5.10328665628
5.5628130311
6.2804114894
0
0
0
0
0
5.34005101369
5.79110199636
6.03133553265
6.15862701298
6.36844468789
6.09323938172
5.77611940122
6.13539001401
0
0
0
6.48320804612
6.4889132193
4.90669924547
5.23872683086
0
6.66666665541
6.07169614312
5.90386692739
6.17864782722
0
0
0
6.66666656831
6.62269377071
5.35558040161
4.93585410593
5.72352835374
6.37210870418
5.9877790717
5.89371272936
0
0
0
0
6.38383304645
6.43197673567
6.34846651098
5.32495251108
6.05095778767
6.45505873158
6.60156037606
6.25475817216
5.99359813853
6.41274777956
0
0
6.66666665481
6.43053776885
6.2102149178
5.12028422649
5.71256605197
6.29109788305
6.40890202701
6.36013753987
6.2307941903
6.22077585071
0
0
0
6.66666666644
6.62508773916
5.8879965793
6.21784972176
6.16569481963
6.51228861586
6.40302333319
5.73491078376
6.33179893978
6.42669294868
0
0
6.50512437847
5.77541586683
6.27053501175
6.21959246669
6.36468236154
0
6.09867650693
6.26308524652
6.28245167146
0
0
0
0
6.66666667276
6.5720314379
6.16972372329
5.3097723828
0
6.56043016272
6.32132688592
5.91413596589
6.20776355564
6.28530677078
0
0
0
6.66666666507
6.26173639798
6.10114010178
5.74927197615
0
6.47929684466
6.22601135157
0
6.53911929685
6.41211535743
0
0
6.66666666716
6.6666666601
6.47657271688
5.87612284118
5.71233393467
0
6.25156227545
0
6.56840072479
6.38840816967
0
0
0
6.66666665312
6.38409183007
6.48662304972
4.91267255854
0
6.42699391527
6.30790398519
6.23198403041
6.3455806549
6.34062843491
0
0
0
6.62092469915
6.48665921645
5.87823290177
0
0
0
0
6.18761323087
6.53955457496
0
0
0
6.66666665114
6.41671425655
6.19447296343
5.9219157647
0
0
6.53415876831
6.51505117333
6.58456471381
5.9375994004
0
0
0
0
5.91343405333
6.26611216528
5.84338192814
0
0
6.4472316804
0
0
6.27435922126
0
0
0
0
6.06137303539
6.06887246326
5.68139761218
0
6.23288492906
6.18471558125
6.16221985681
6.49753239168
0
0
0
6.66666665435
0
6.50230444054
6.21095862183
0
0
6.45708596193
6.02667718387
6.62032993173
6.27791401096
0
0
6.66666668554
6.66666662216
6.66666659143
6.424820553
0
0
0
6.14737233146
0
6.34422343175
0
0
6.66666670363
6.66666662724
6.38499244004
6.61476422511
0
0
0
5.80101404222
0
6.66666667295
0
0
6.66666666434
6.66666667293
6.53784435142
0
0
0
6.46736896546
0
0
0
0
0
6.66666667316
6.6666666265
6.56199359723
6.53864158708
0
0
0
0
0
0
0
0
6.66666667781
6.66666664105
6.66666667615
6.38106163595
0
0
0
6.30948667779
0
0
0
0
0
6.66666664809
6.6666666775
0
0
0
0
6.32394580919
0
0
0
0
0
6.66666668173
6.66666667253
0
0
0
0
0
0
0
0
0
0
6.66666665637
6.66666666011
0
0
0
0
6.24835352324
0
0
0
0
0
6.66666665679
6.66666668163
0
0
0
0
0
0
0
0
0
6.66666669967
6.66666670277
0
0
0
0
0
0
0
0
0
0
6.66666667643
6.6666666856
0
0
0
0
0
0
0
0
0
6.66666666865
6.34312518511
0
0
0
0
0
0
0
0
0
6.66666663527
0
0
0
0
0
0
0
0
0
0
6.66666665839
0
0
0
0
0
0
0
0
0
0
0
0
0
0
0
0
0
0
0
0
0
0
0
0
0
0
0
0
0
0
0
0
0
0
0
0
0
0
0
0
0
0
0
0
0
0
0
0
0
0
0
0
0
0
0
0
0
0
0
0
0
0
0
0
0
0
0
0
0
0
0
0
0
0
0
0
0
0
0
0
0
0
0
0
0
0
0
0
0
0
0
0
0
0
0
0
0
0
0
0
0
0
0
0
0
0
0
0
0
0
0
0
0
0
0
0
0
0
0
0
0
0
0
0
0
0
0
0
0
0
0
0
0
0
0
0
0
0
0
0
0
0
0
0
0
0
0
0
0
0
0
0
0
0
0
0
0
6.66666667172
0
0
0
0
0
0
0
6.66666665222
0
0
0
0
0
0
6.66666662602
0
0
0
0
0
0
0
6.25371919311
0
0
0
0
0
0
0
6.66666663927
0
0
0
0
0
0
0
0
0
0
0
0
0
0
0
0
0
0
0
0
0
0
0
0
0
0
0
0
0
0
0
0
0
0
0
0
0
0
0
0
0
4.06585347228
0
0
0
0
0
0
0
0
3.06495874779
0
0
0
4.0627733068
0
0
0
0
0
0
0
0
0
0
0
0
4.21396005993
0
0
0
0
0
0
0
0
3.63178006327
0
0
0
0
0
0
0
0
3.52035054588
0
0
0
0
0
0
0
0
3.49485842688
0
0
0
0
0
0
0
0
0
0
0
0
0
0
5.49571164767
0
0
0
0
0
0
0
0
0
0
0
0
0
4.02852878645
0
0
0
0
5.11873999106
0
0
0
0
0
3.67023375071
0
0
0
0
0
0
0
0
0
4.4544763481
0
0
0
0
0
0
0
0
4.78665483045
0
4.49780994202
0
0
0
0
0
0
0
0
0
0
0
4.16179578634
0
0
0
0
0
0
0
0
5.45830409224
5.25958779403
4.26758812544
4.06046379108
0
0
0
0
5.50982657119
0
0
0
5.08395859648
4.65597699193
0
3.75500941415
0
0
0
0
5.47143813233
4.53732401309
4.73795616648
0
5.51108899796
4.14669671791
0
3.39703282575
5.01319793417
0
0
0
0
0
4.87065964388
4.84893375888
0
0
5.16646591805
0
3.41166431974
0
0
0
0
0
0
0
4.66510586772
5.07167806755
5.7055450846
0
4.98165957107
3.46172786893
0
0
0
0
0
0
0
0
4.86045770276
5.13543582376
5.81138092242
0
4.75511299826
3.36528538524
0
0
0
0
0
0
0
5.02728039438
4.71577897167
4.91883134721
0
5.37493757439
0
0
4.13849956892
5.47867607202
0
0
0
0
0
0
4.91528123978
5.03108326571
5.54834305745
5.65189097783
5.32419671892
4.81191611171
3.92316320541
4.44019720328
5.16974494786
0
0
0
0
0
0
4.99954838446
5.18045473007
5.31321374286
5.38841937395
0
3.75357084675
4.0690328121
4.85159820782
5.59494955143
0
0
0
0
0
5.3528873398
4.84093073735
5.25141406146
5.69202437516
5.42932909418
0
3.9480581779
4.0758062551
4.9780923603
5.26635787832
0
0
0
0
0
5.7295108544
5.30558208899
5.52954126422
5.39761328102
5.47713096523
5.27544250129
3.97034113146
4.23168059491
5.32486358241
5.32981215379
0
0
0
0
0
0
5.30858466103
0
0
5.62223487434
0
4.52570834481
4.29121305942
5.2687374669
5.11614127341
4.52486509079
0
0
0
0
0
6.4039059008
0
5.57045389192
5.20021965301
0
5.09917732613
4.82869244312
4.01363251351
4.98573385234
4.74206319677
5.68662543958
0
0
0
0
6.3079066502
0
5.05847949638
5.0658798417
5.4852842531
5.03096252102
5.68151304211
4.48309652808
5.65382447503
4.82879194705
0
0
0
0
0
6.14493657565
5.16074018682
0
0
5.50194035508
5.81324663294
5.8354625721
4.52009960711
5.57306494812
4.62479254326
4.69453622294
4.504646753
0
0
0
6.1770653689
6.54371877513
0
5.33457842775
5.00654938672
0
5.28589747715
5.56519282901
5.0273009153
6.17288452615
5.02248221046
5.07134296324
0
0
0
0
6.18454674043
4.94957081615
0
5.55905806673
4.8748415489
0
5.80842126826
4.22456353749
5.82175849221
5.50389543175
5.45448478908
0
0
0
0
6.19240759485
5.51356491512
0
5.19731159776
5.73886645301
0
5.47575237794
6.02138982192
5.12979390358
5.45653686128
5.46533539609
0
0
0
0
0
6.07353622129
5.17964556757
5.06176601195
5.32844591138
0
5.96265272878
5.8871826165
5.72487532436
6.10514992668
5.40139383611
5.03125550487
0
0
0
0
5.91341830169
5.49353395648
4.81248859819
5.22127021664
0
0
5.15865336857
4.77414505065
6.15383356401
5.53489698658
5.03512013145
0
0
0
0
0
6.43349843316
5.71795417408
6.44635903326
5.09164741703
0
5.86066807496
5.63577700927
5.70831883955
6.50150169948
5.74869228696
4.81125009424
4.94785644887
0
0
0
6.03784548578
5.2345273339
6.38871912447
5.63554371841
0
5.570190109
6.03559608027
5.82350497992
6.03101648095
5.5612372496
6.00021157546
4.18000380076
0
0
0
0
6.20842731398
5.92521341907
4.72986735543
5.39125860141
6.25853336842
0
4.73497480958
4.69007790679
5.79093141093
6.00227717885
5.50869539405
5.34764682618
0
0
0
5.88196239311
5.33034187181
5.50993921933
5.40964892002
6.6666666865
5.17915031476
5.32558685767
5.55319997577
5.80724099355
6.17556164322
5.13883972386
4.88760352638
0
0
6.66666666615
6.66666670098
5.9028827808
5.64812957802
5.27100043825
5.68551867075
6.25510543462
0
6.00695225152
5.37082750059
5.87333262295
6.24021724514
4.06028506856
0
0
6.66666663214
6.66666664143
5.64991929344
5.61318359658
5.28815270565
5.88500113626
6.62426707791
6.23647363535
5.89570997965
5.13715944161
5.90941504285
6.32823252473
0
0
0
0
6.65133659368
5.6177020275
5.59148640684
6.30677380658
6.6666666767
6.27575374678
0
5.81673063999
6.14633019127
0
0
0
0
6.66666668937
5.9746868398
5.86729915788
6.00636245024
6.42316449249
6.4102497852
5.14874272138
5.50467681724
6.27796631556
0
0
0
0
0
5.54924399422
5.98861645717
6.04831327654
6.1667356509
6.36844468789
6.09460352871
5.76164655131
6.20399586991
0
0
0
6.61855377153
6.57454186552
5.05391471802
5.310070524
0
6.66666665541
6.08460578576
5.90459602713
6.15794814438
0
0
0
6.66666656831
6.64146692559
5.56303570923
5.02391033944
5.64392039189
6.30063263287
6.1039860172
5.85427628589
0
0
0
0
6.51502875912
6.53026759731
6.45702246618
5.40520722511
5.86670728581
6.37224743311
6.60156037606
6.25475817216
6.16468346446
6.41817821646
0
0
6.66666665481
6.52115262654
6.33053488399
5.23056066119
5.71511735483
6.36556575393
6.5201487373
6.29338924979
6.23571018392
6.30393534688
0
0
0
6.66666666644
6.66666666553
6.05445337182
6.27284262574
6.18291065776
6.48736664632
6.40302333319
5.81681494798
6.40329114999
6.43248930407
0
0
6.66666665224
5.96644393012
6.39634208595
6.37600285228
6.29044982729
0
6.04730444806
6.27048915929
6.32946142087
0
0
0
0
6.66666667276
6.66666669902
6.37377162346
5.33930559975
0
6.56043016272
6.32132688592
5.77087670567
6.27577797842
6.28530677078
0
0
0
6.66666666507
6.32367662699
6.14035921971
5.82166374792
0
6.43867008848
6.31451928487
0
6.53911929685
6.42109796294
0
0
6.66666666716
6.6666666601
6.55104340033
6.02130373888
5.76721118186
0
6.24161960741
0
6.56840072479
6.38840816967
0
0
0
6.66666665312
6.5250847711
6.48500151094
4.94736526549
0
6.42699391527
6.37611921016
6.22760183082
6.35157719108
6.34062843491
0
0
0
6.61470218343
6.56544355644
5.90441891611
0
0
0
0
6.26069243503
6.53955457496
0
0
0
6.66666665114
6.48393963171
6.26765115035
5.93350534895
0
0
6.53415876831
6.53465945146
6.58456471381
5.97468170063
0
0
0
0
5.98187120451
6.1851084478
5.9891696772
0
0
6.4472316804
0
0
6.28308123117
0
0
0
0
6.08690399232
6.13019588922
5.61550076275
0
6.24415020129
5.93196478388
6.23992237458
6.51914332538
0
0
0
6.66666665435
0
6.62592716636
6.18278514913
0
0
6.45708596193
6.12871333754
6.62032993173
6.29079247938
0
0
6.66666668554
6.66666662216
6.66666659143
6.52806712027
0
0
0
6.21923439131
0
6.36359136715
0
0
6.66666670363
6.66666662724
6.45246334283
6.61476422511
0
0
0
5.72049759941
0
6.66666667295
0
0
6.66666666434
6.66666667293
6.59960817573
0
0
0
6.55278730426
0
0
0
0
0
6.66666667316
6.6666666265
6.56632839419
6.55747995802
0
0
0
0
0
0
0
0
6.66666667781
6.66666664105
6.66666667615
6.49983477893
0
0
0
6.36485238813
0
0
0
0
0
6.66666664809
6.6666666775
0
0
0
0
6.32394580919
0
0
0
0
0
6.66666668173
6.66666667253
0
0
0
0
0
0
0
0
0
0
6.66666665637
6.66666666011
0
0
0
0
6.24835352324
0
0
0
0
0
6.66666665679
6.66666668163
0
0
0
0
0
0
0
0
0
6.66666669967
6.66666670277
0
0
0
0
0
0
0
0
0
0
6.66666667643
6.6666666856
0
0
0
0
0
0
0
0
0
6.66666666865
6.50827109886
0
0
0
0
0
0
0
0
0
6.66666663527
0
0
0
0
0
0
0
0
0
0
6.66666665839
0
0
0
0
0
0
0
0
0
0
0
0
0
0
0
0
0
0
0
0
0
0
0
0
0
0
0
0
0
0
0
0
0
0
0
0
0
0
0
0
0
0
0
0
0
0
0
0
0
0
0
0
0
0
0
0
0
0
0
0
0
0
0
0
0
0
0
0
0
0
0
0
0
0
0
0
0
0
0
0
0
0
0
0
0
0
0
0
0
0
0
0
0
0
0
0
0
0
0
0
0
0
0
0
0
0
0
0
0
0
0
0
0
0
0
0
0
0
0
0
0
0
0
0
0
0
0
0
0
0
0
0
0
0
0
0
0
0
0
0
0
0
0
0
0
0
0
0
0
0
0
0
0
0
0
0
0
6.66666667172
0
0
0
0
0
0
0
6.66666665222
0
0
0
0
0
0
6.66666662602
0
0
0
0
0
0
0
6.06096083337
0
0
0
0
0
0
0
6.66666663927
0
0
0
0
0
0
0
0
0
0
0
0
0
0
0
0
0
0
0
0
0
0
0
0
0
0
0
0
0
0
0
0
0
0
0
0
0
0
0
0
0
